#001	29 81 173 189 210 235 282 388 402
#002	29 81 173 189 210 235 282 388 402
#003	29 81 173 189 200 210 235 282 335 338 388 402
#004	7 9 29 129 173 189 210 257
#005	7 9 29 129 173 189 210 257
#006	7 9 29 129 173 189 200 210 239 257 307 314 366 466
#007	8 29 173 189 196 205 291 334 401 428
#008	8 29 173 189 196 205 291 334 401 428
#009	8 29 173 189 196 200 205 291 308 324 334 401 428
#010	81 173 450
#011	81 334 450
#012	81 129 173 239 314 324 366 450 466
#013	81 450
#014	81 334 450
#015	81 129 173 210 282 283 314 366 450 466
#016	129 173 189 239 253 257 314 366 466
#017	129 173 189 239 253 257 314 366 466
#018	129 143 173 189 239 253 257 314 366 466
#019	29 129 162 173 189 196 283 387 389 428
#020	29 129 162 173 189 196 283 387 389 428
#021	129 173 189 239 257 314 366 466
#022	129 143 173 189 239 257 314 366 466
#023	29 173 180 380 401 402 441
#024	29 173 180 380 401 402 441
#025	9 29 129 173 189 205 270 282 324 393
#026	9 29 129 173 189 205 270 282 324 393
#027	29 129 162 173 189 205 210 282 414
#028	29 129 162 173 189 205 210 282 414
#029	29 162 173 189 270
#030	29 162 173 189 270
#031	7 8 9 29 162 173 189 196 200 210 253 270 276 401 414
#032	29 162 173 189 270 389
#033	29 162 173 189 270 389
#034	7 8 9 29 162 173 189 196 200 210 253 270 276 389 401 414
#035	7 8 9 29 173 189 196 205 215 270 271 272 277 282 283 324 340 356 387 428
#036	7 8 9 29 173 189 196 205 215 270 271 272 277 282 283 324 340 356 387 428
#037	29 129 173 180 220 257 272 428 466
#038	29 129 173 180 220 257 272 428 466
#039	7 8 9 29 173 189 196 205 215 220 270 272 277 282 283 340 356 387
#040	7 8 9 29 173 189 196 205 215 220 270 272 277 282 283 340 356 387
#041	129 162 173 239 253 257 314 366 428 466
#042	129 162 173 239 253 257 314 366 428 466
#043	173 235 380 388 402
#044	173 235 380 388 402
#045	173 235 380 388 402
#046	81 173 210 235 282 388 402 450
#047	81 173 210 235 282 388 402 450
#048	81 129 173 324 428 450
#049	81 129 173 239 314 324 366 428 450 466
#050	173 189 389 414
#051	173 189 389 414
#052	29 129 173 180 189 196 253 282 387 402 441
#053	29 129 173 180 189 196 253 282 387 402 441
#054	8 29 129 173 189 196 272 291 324 388 401 428
#055	8 29 67 129 173 189 196 210 272 291 324 388 401 428
#056	7 8 9 29 67 129 180 189 200 253 270 272 283 402 410 441
#057	7 8 9 29 67 129 180 189 200 253 270 272 283 402 410 441
#058	29 129 173 189 257 270
#059	29 129 173 189 257 270 442
#060	29 173 196 270 291
#061	8 29 173 189 196 270 291
#062	8 29 173 189 196 270 291 410
#063	7 8 9 29 173 271 272 277 282 324 356 428
#064	7 8 9 29 173 271 272 277 282 324 356 428
#065	7 8 9 29 173 271 272 277 282 324 356 428
#066	7 8 9 29 67 173 189 270 272 276 410
#067	7 8 9 29 67 173 189 270 272 276 410
#068	7 8 9 29 67 173 189 270 272 276 410
#069	173 235 282 380 388 389 402
#070	173 235 282 380 388 389 402
#071	173 235 282 380 388 389 402
#072	173 196 277 282 291
#073	173 196 277 282 291
#074	7 9 29 173 189 205 246 276 335 389 414
#075	7 9 29 173 189 205 246 276 335 389 414
#076	7 9 29 173 189 205 210 246 276 335 389 414 442
#077	29 129 173 257 340
#078	29 129 173 257 340
#079	29 129 173 189 196 271 277 291 324 335 401 428
#080	8 29 129 173 189 196 210 271 277 291 324 334 335 401 428
#081	129 173 205 277 324 334 356 393
#082	129 173 205 277 324 334 356 393
#083	29 129 173 189 210 239 253 257 282 314 387 466
#084	129 173 189 253 282 283 314
#085	129 143 173 189 253 282 283 314
#086	29 173 196 291 324 401
#087	29 173 196 291 324 401
#088	7 8 9 173 189 220 441
#089	7 8 9 173 189 220 335 441
#090	129 173 196 291 334
#091	129 173 196 291 324 334
#092	7 8 9 173 180 196 220 253 271 282 389 466
#093	7 8 9 173 180 196 220 253 271 282 389 466
#094	7 8 9 29 173 180 196 220 253 271 272 282 389 466
#095	29 173 189 205 239 246 335 414 442
#096	7 8 9 29 67 271 272 277 324 428
#097	7 8 9 29 67 271 272 277 324 428
#098	173 189 196 210 246 276 282 291 334
#099	173 189 196 210 246 276 282 291 334
#100	29 129 173 205 277 324 389 393
#101	29 129 173 205 277 324 389 393
#102	173 205 235 246 253 356 388 402
#103	29 67 173 205 235 246 356 388 402 428
#104	7 9 29 67 173 189 196 210 253 282 283 334 414
#105	7 9 29 67 173 189 196 200 210 253 282 283 334 414
#106	29 67 129 173 189 270 272 276 282 340 389 410
#107	7 8 9 29 67 129 173 189 270 272 410
#108	7 8 9 29 173 189 196 205 282 401 428
#109	173 180 205 220 253
#110	173 180 205 220 253
#111	29 173 180 189 196 205 246 253 276 283 401 414
#112	7 8 9 29 173 180 189 196 200 205 210 246 253 276 283 335 401 414
#113	7 8 9 29 173 189 196 205 215 270 283 356 387 428
#114	29 173 220 235 246 282 388 402
#115	7 8 9 29 67 173 180 189 196 200 210 253 270 283 389 401
#116	29 129 173 196 200 239 291 324 340
#117	29 129 173 196 200 239 291 324 340
#118	129 173 189 196 210 282 291 340 401
#119	129 173 189 196 210 282 291 340 401
#120	129 173 196 205 220 239 277 291 324 356
#121	129 173 196 205 220 239 271 277 291 324 356
#122	7 8 9 29 173 189 270 271 272 277 324 334 428
#123	29 129 173 210 282 366 450 466
#124	8 29 173 189 196 215 270 271 272 277 324 428
#125	7 8 9 29 67 129 173 189 270 324 393
#126	7 9 29 67 173 189 257 270
#127	29 81 173 210 276 282 334
#128	29 173 180 196 200 253 270 272 283 428 442
#129	340
#130	29 173 180 196 200 239 253 291 340 401 442
#131	29 173 196 200 215 246 291 324 335 401 428 442
#133	29 129 173 189 215 270 387
#134	29 129 173 189 196 215 270 291 324 387 401
#135	29 129 173 189 215 270 324 387 393
#136	29 129 173 189 215 257 270 276 387
#137	129 173 196 220 271 277 324 356 387 428
#138	29 173 196 205 246 282 291 334 414
#139	29 173 196 205 246 282 291 334 414
#140	173 189 196 205 246 282 334 414
#141	29 67 173 189 196 205 210 246 276 282 291 334 401 414
#142	29 129 143 173 239 246 257 314 366 401 414 442 466
#143	7 8 9 29 173 189 196 200 205 276 335 387 402 428 441 442
#144	129 143 173 189 196 239 246 314 324 366 466
#145	129 143 173 189 239 246 257 314 324 366 466
#146	129 143 173 189 239 246 257 314 366 466
#147	29 129 173 196 200 239 401 434
#148	29 129 173 196 200 239 401 434
#149	7 8 9 29 129 173 189 196 200 210 239 257 276 291 314 366 401 434 442 466
#150	7 8 9 29 67 129 173 189 196 271 272 277 324 356 401 428
#151	7 8 9 29 67 81 129 143 162 173 180 189 196 200 205 210 215 220 235 239 246 253 257 270 271 272 276 277 282 283 291 314 324 334 335 340 356 366 380 387 388 389 393 401 402 410 414 428 441 442 450 466
#152	29 173 189 210 235 246 277 388 402
#153	29 173 189 210 235 246 277 388 402
#154	29 173 189 200 210 235 246 277 338 388 402
#155	29 129 173 189 205 257
#156	29 129 173 189 205 210 257
#157	7 9 29 67 129 173 189 205 210 257 307
#158	8 29 67 173 180 189 196 246 253 276 291 401
#159	8 29 67 173 180 189 196 210 246 253 276 291
#160	8 29 67 173 180 189 196 200 210 246 253 276 291 308 401
#161	7 8 9 29 129 162 173 189 205 210 253 270 282 387 389 401
#162	7 8 9 29 129 162 173 189 205 210 253 270 282 387 389 401
#163	129 189 239 253 257 277 314 366 428 466
#164	129 143 189 239 253 257 277 314 366 428 466
#165	8 9 29 81 129 173 205 253 282 314 366 450 466
#166	8 9 29 81 129 173 205 253 282 314 366 450 466
#167	81 324 340 389 450
#168	81 324 340 389 450
#169	129 143 162 173 239 253 257 314 366 428 466
#170	173 196 215 291 324 340 389
#171	173 196 215 291 324 340 389 401
#172	29 129 173 189 205 253 270 324 393
#173	29 173 189 196 205 253 270 271 272 277 283 324 356 387 428
#174	29 173 189 196 205 215 220 253 270 272 277 283 340 356 387
#175	29 129 173 189 205 215 246 253 271 277 283 324 387 428
#176	29 129 173 189 205 215 239 246 257 271 277 283 314 324 366 387 428 466
#177	129 173 220 239 257 271 277 314 324 366 389 428 466
#178	129 143 173 220 239 257 271 277 314 324 366 389 428 466
#179	29 129 173 215 324 393
#180	7 9 29 129 173 215 324 393
#181	7 9 29 129 173 200 215 324 393
#182	173 235 253 380 388 402
#183	8 29 129 173 189 196 205 270 276 282 291 401
#184	8 29 129 173 189 196 205 270 276 282 291 401
#185	7 8 9 29 67 173 189 205 270 272 335 389 414
#186	29 173 189 196 270 291 340
#187	29 173 235 270 340 388 402
#188	29 173 235 270 340 388 402
#189	29 173 235 270 340 388 402
#190	7 8 9 29 67 129 173 180 189 210 253 272 282 340 387 402 441
#191	173 235 253 270 283 388 402 414
#192	173 235 253 270 283 388 402 414
#193	29 81 129 173 246 253 314 324 366 450 466
#194	8 29 173 189 196 205 246 291 401 414
#195	8 29 173 189 196 205 246 291 401 414
#196	29 129 173 189 215 270 271 277 324 387 428
#197	29 129 173 180 189 215 270 387 389
#198	129 180 189 196 239 253 257 314 366 389 466
#199	8 29 129 173 189 196 210 271 277 291 324 334 335 401 428
#200	29 129 173 180 196 215 220 253 271 277 389 466
#203	29 129 173 189 253 271 277 324 356 389 428
#204	29 81 173 205 220 334 356 450
#205	29 81 173 205 220 324 334 335 356 393 450
#206	29 173 180 189 205 220 246 277 283 387 401 428
#207	29 129 173 210 282 366 401 414
#208	29 173 189 205 239 246 335 393 401 414 442
#209	7 8 9 29 67 162 173 189 215 276 387
#210	7 8 9 29 67 162 173 189 215 276 387
#211	29 129 173 196 205 220 291 324 340 401
#212	29 129 173 210 276 282 334 366 442 450 466
#213	29 81 173 189 205 246 270 380 414 450
#214	29 67 173 210 270 282 334 410 450
#215	8 29 67 129 173 180 189 196 210 282
#216	7 8 9 29 129 173 189 205 210 276 387 402 441
#217	7 8 9 29 67 129 173 189 205 210 253 276 387 402 441
#218	173 189 205 220 246 257 334 414
#219	173 189 205 220 246 257 334 414
#220	29 173 189 196 246 276 283 414
#221	29 173 189 196 246 276 283 414
#222	29 173 189 196 205 246 277 283 389 414
#223	81 129 173 189 196 291 324 340 402 441
#224	81 129 173 189 196 291 324 340 402 441
#225	29 129 143 189 196 205 324 340 402 441
#226	29 81 129 173 189 196 270 291 314 324 340 366 401 402 441 442
#227	129 143 173 189 196 210 239 314 334 366 466
#228	29 129 162 173 180 189 253 257 272 389
#229	29 129 162 173 180 189 253 257 272 389
#230	29 129 173 196 200 239 291 324 340 434 442
#231	29 173 189 205 246 276 282 283 402 414 441
#232	29 173 189 205 246 276 282 283 334 335 340 402 414 441
#233	129 173 196 220 271 277 324 356 387 428
#234	29 129 173 180 189 253 272 324 340 356 387 389 428
#236	29 67 129 173 189 253 270 272 410
#237	29 67 129 173 189 205 239 270 272 283 389 410
#238	8 173 189 196 215 253 270 271 272 277 324 428
#239	7 8 9 29 67 129 173 189 253 270 324 393
#240	7 9 29 173 189 253 257 270
#241	7 8 9 29 173 189 196 205 215 270 335 428 442
#242	7 8 9 29 173 189 196 205 215 270 283 335 356 387 428
#243	29 129 173 189 324 393 442
#244	29 129 173 189 257 442
#245	29 129 173 189 196 291 324 366 442 466
#246	29 173 180 189 246 253 276 414 442
#247	29 173 180 189 246 253 276 334 414 442
#248	7 8 9 29 67 173 180 189 200 210 246 253 276 335 401 414 442
#249	29 129 143 173 189 196 239 246 271 291 314 324 366 401 414 428 442 466
#250	129 143 173 189 239 246 257 314 324 366 414 428 442 466
#251	129 173 189 215 235 246 253 270 271 277 324 387 388 389 402 414 428
#252	9 29 67 129 173 189 210 235 283 388 402
#253	9 29 67 129 173 189 210 235 283 388 402
#254	9 29 67 129 173 189 200 210 235 283 338 388 402
#255	29 129 173 189 257 270 340 387
#256	7 9 29 67 129 173 189 210 257 270 340 387 410
#257	7 9 29 67 129 173 189 210 257 270 272 276 282 307 340 387 410
#258	29 67 173 189 196 205 246 276 283 291 401 414
#259	8 29 67 173 189 196 205 246 276 283 291 401 414
#260	8 29 67 173 189 196 200 205 246 276 283 291 308 401 414
#261	29 162 173 180 189 253 389
#262	29 162 173 180 189 253 389
#263	29 129 162 173 189 196 205 210 270 271 387 402 441
#264	29 129 162 173 189 196 205 210 270 271 387 402 441
#265	81 173 450
#266	81 334 450
#267	81 129 173 239 314 324 366 450 466
#268	81 334 450
#269	81 129 173 239 314 324 366 450 466
#270	29 173 196 235 253 402 428
#271	7 8 9 29 173 189 196 235 253 291 402 428
#272	7 8 9 29 173 189 196 235 253 291 402 428
#273	29 173 180 205 235 388 402
#274	29 67 129 173 180 189 205 210 235 388 402
#275	29 67 129 173 180 189 196 205 210 235 239 282 314 340 366 388 389 402 466
#276	129 173 189 239 257 283 314 366 466
#277	129 143 173 189 239 257 283 314 366 466
#278	129 173 189 196 239 253 282 314 366 466
#279	129 143 173 189 196 239 253 282 314 366 402 441 466
#280	7 8 9 29 129 173 189 196 220 270 271 277 324 428
#281	7 8 9 29 129 173 189 196 220 270 271 277 324 428
#282	7 8 9 29 129 173 189 196 215 220 270 271 277 324 428
#283	81 129 173 189 196 324 450
#284	81 129 173 189 196 239 314 324 366 450 466
#285	29 173 235 270 388 402
#286	9 29 173 189 210 235 270 276 388 402 410
#287	7 8 9 29 173 189 196 210 389 441
#288	7 8 9 29 67 189 196 210 253 389 441
#289	7 8 9 29 67 173 189 196 210 335 389 441
#290	81 173 180 189 210 450
#291	81 129 173 180 189 210 253 314 450 466
#292	81 173 180 189 210 271 389 450
#293	7 8 9 29 173 189 196 205 253 428
#294	7 8 9 29 67 173 189 196 205 253 428
#295	7 8 9 29 67 173 189 196 200 205 253 428
#296	7 8 9 29 67 173 189 270 272 276 282 410
#297	7 8 9 29 67 173 189 270 272 276 282 410 442
#298	29 129 173 189 196 205 253 270 282
#299	7 8 9 29 173 189 205 220 246 277 334 335 356 393 414
#300	29 129 173 189 196 205 215 270 387 389 428
#301	29 129 173 189 196 205 215 270 387 389 428
#302	7 8 9 29 67 173 180 189 196 210 220 271 272 277 282 324 356 389 428 466
#303	8 9 29 162 173 189 196 220 246 282 334 389 393 442
#304	29 173 180 189 205 210 246 253 276 283 334 393 414 442
#305	29 173 180 189 205 210 246 253 276 283 334 393 414 442
#306	7 8 9 29 67 173 180 189 196 200 205 210 246 253 276 283 334 335 393 401 414 442
#307	7 8 9 29 67 129 173 189 220 270 271 272 277 324 356 410 428
#308	7 8 9 29 67 129 173 189 220 270 271 272 277 324 356 410 428
#309	29 129 173 189 324 393
#310	29 129 173 189 324 393
#311	9 29 129 173 189 205 253 270 324 387 393
#312	9 29 129 173 189 205 253 270 324 387 393
#313	8 9 81 129 173 189 270 314 324 366 428 450 466
#314	8 9 81 129 173 189 270 314 366 428 450 466
#315	129 173 189 210 235 388 402
#316	7 8 9 29 173 189 205 220 380 402 441
#317	7 8 9 29 173 189 205 220 335 380 402 441
#318	129 162 173 180 189 196 210 246 253 291 340 428
#319	129 162 173 180 189 196 210 246 253 291 340 428
#320	29 173 196 205 291 340
#321	29 173 196 205 291 335 340 442
#322	29 173 189 205 257 414
#323	29 173 189 205 257 414 442
#324	29 173 189 205 257 334 414
#325	29 129 173 196 215 271 272 277 324 340 428
#326	7 8 9 29 129 173 189 196 215 271 272 277 324 340 428
#327	7 8 9 29 67 129 173 189 196 205 253 270 272 387 389 428
#328	29 173 189 210 414 450
#329	29 129 173 189 200 210 239 257 314 366 414 434 450 466
#330	7 9 29 129 173 189 200 210 239 257 314 366 414 434 450 466
#331	9 29 67 173 180 189 210 235 272 388 389 402
#332	9 29 67 173 180 189 210 235 272 276 388 389 402
#333	129 173 189 200 215 239 253 257 314 366 466
#334	129 143 173 189 200 215 239 253 257 314 366 434 466
#335	7 8 9 29 67 129 173 189 196 205 210 282 283 387
#336	29 129 173 189 210 282 389 401
#337	129 173 205 220 246 270 277 324 356 414 428 442
#338	129 173 205 220 246 270 277 324 334 356 414 428 442
#339	29 173 189 196 291 340 401 414
#340	29 173 189 196 291 340 401 414 428
#341	173 180 189 196 210 246 276 282 283 334
#342	129 173 180 189 196 210 246 276 282 283 291 334
#343	29 173 189 246 271 277 324 356 414 428
#344	29 173 189 246 271 277 324 356 414 428
#345	81 173 189 220 235 246 380 388 402 414
#346	29 81 173 189 220 235 246 335 380 388 402 414
#347	29 81 173 189 210 246 282 334 414
#348	29 67 81 173 189 210 246 276 282 334 335 401 414
#349	129 173 196 291
#350	129 173 189 196 239 277 291 401 442
#351	129 173 196 366 387 466
#352	7 8 9 29 67 129 173 189 196 205 210 246 271 272 277 282 387 389 401
#353	29 180 196 220 271 272 277 282 389 466
#354	29 180 189 196 220 271 272 277 282 389 466
#355	29 173 180 196 220 271 356 389 466
#356	7 8 9 29 173 180 189 196 220 271 356 389 466
#357	29 173 189 200 210 235 239 314 366 388 466
#358	173 196 205 215 253 270 271 277 282 324 356 387 428
#359	29 129 173 180 189 196 210 272 276 277 282 340 389 428
#361	29 173 180 196 205 335
#362	29 162 173 180 196 205 324 335 442
#363	29 162 173 189 196 205 291 324 401
#364	29 162 173 189 196 205 291 324 401
#365	29 162 173 189 196 205 210 291 324 335 401 442
#366	173 196 291 334
#367	129 162 173 189 196 291 340 389 401
#368	129 173 189 196 291 324 340 401
#369	29 173 189 196 246 291 340 401 414
#370	129 173 196 291 340
#371	29 173 189 200 210 239 428 434
#372	29 173 189 200 205 210 239 334 428 434
#373	29 129 173 189 200 205 210 239 257 314 366 401 428 434 466
#374	29 334 428 442
#375	8 9 29 129 173 189 196 205 210 271 324 334 356 393 428 442
#376	8 9 29 129 173 189 196 205 210 271 324 334 335 356 393 428 442
#377	7 8 9 29 173 189 205 246 276 335 356 414 442
#378	8 9 29 173 189 196 205 246 276 324 335 356 442
#379	8 9 29 173 189 205 246 276 334 335 356 393 442
#380	129 173 189 196 200 210 239 270 271 272 277 291 366 387 389 428 434
#381	129 173 189 196 200 210 239 270 271 277 291 366 387 428 434
#382	29 129 173 189 196 246 253 291 324 335 401 442
#383	7 9 29 129 173 189 205 210 246 253 335 414 442
#384	29 129 173 189 196 200 210 239 246 253 291 366 401 414 434 442
#385	7 8 9 29 129 173 189 196 246 253 270 271 277 324 334 356 387 428 442
#386	7 8 9 29 67 129 173 189 196 271 272 277 282 324 356 428
#387	29 173 189 235 276 388 402 414
#388	29 173 189 235 276 388 402 414
#389	29 173 189 200 235 276 335 338 388 402 414 442
#390	7 9 29 67 129 173 189 205 253 257 270 272 283 410 441
#391	7 9 29 67 129 173 189 205 257 270 272 283 410 441
#392	7 9 29 67 129 173 189 205 257 270 272 283 307 410 441
#393	29 173 189 196 291 324
#394	29 173 189 196 291 324
#395	29 173 189 196 210 282 291 308 324 334
#396	129 173 189 239 257 283 314 366 466
#397	129 173 189 239 257 283 314 366 466
#398	129 143 173 189 239 257 283 314 366 466
#399	29 129 162 173 189 196 205 210 276 387 401
#400	29 129 162 173 189 196 205 210 276 291 387 401
#401	81 173 189 253 283 450
#402	81 173 189 210 253 282 283 450
#403	29 129 173 189 210 324 393
#404	29 129 173 189 210 324 393
#405	29 129 173 189 210 276 324 393
#406	129 173 189 235 253 388 402
#407	129 173 189 210 235 388 402
#408	7 9 29 173 180 189 246 253 276 283 414 428 442
#409	7 9 29 173 180 189 200 220 246 253 276 283 414 428 442
#410	29 173 189 246 334 393 414 442
#411	29 173 189 200 246 277 334 335 393 414 442
#412	81 173 450
#413	81 173 235 253 283 324 388 389 402 450
#414	81 129 173 189 239 314 324 366 450 466
#415	81 129 173 189 283 314 366 450 466
#416	81 129 173 189 210 283 314 324 366 450 466
#417	9 29 129 162 173 189 205 253 270 387 393 402 441
#418	8 29 129 173 189 196 291
#419	8 29 67 129 173 189 196 291 401
#420	173 205 235 270 388 402
#421	173 205 235 270 388 402
#422	29 81 173 189 196 220 246 291 414
#423	29 81 173 189 196 220 246 291 335 414
#424	7 8 9 29 67 129 173 180 189 210 253 272 282 340 387 402 441
#425	129 173 180 189 196 205 220 271 277 282 314 366 389 466
#426	129 173 180 189 196 205 220 271 277 282 314 366 389 466
#427	29 67 129 173 189 215 253 270 277 283 340 387
#428	7 8 9 29 67 129 173 189 210 215 253 270 277 283 340 387
#429	29 129 173 180 196 215 220 253 271 277 389 466
#430	129 143 180 189 239 253 257 276 314 366 389 466
#431	29 129 162 173 189 210 282 387 389
#432	29 129 162 173 189 205 210 282 387 389
#433	129 173 196 205 215 253 270 271 277 282 324 356 387 428
#434	29 129 173 189 210 389
#435	29 129 173 189 210 389
#436	173 205 246 271 324 356
#437	173 205 246 271 324 335 356 428 442
#438	29 67 173 205 253 270 272 335 389 414
#439	29 173 189 253 270 271 272 277 324
#440	29 173 189 196 205 215 253 270 283 356 387 428
#441	129 143 173 189 239 253 257 272 314 366 466
#442	173 180 196 220 253 271 389 466
#443	29 129 173 189 200 210 239 414 434 442
#444	29 129 173 189 200 210 239 414 434 442
#445	29 129 173 189 200 210 239 401 414 434 442
#446	7 8 9 29 173 189 196 205 253 276 387 402 428 441
#447	8 9 29 67 129 173 189 210 270 272 334 393 410 428
#448	8 9 29 67 129 173 189 210 270 272 334 393 410 428
#449	29 173 189 276 414
#450	29 173 189 276 414 442
#451	29 173 189 210 282 401 450
#452	29 173 189 210 282 401 450
#453	8 9 29 67 162 173 180 189 196 210 270 272 282 340 389 410 441
#454	8 9 29 67 162 173 180 189 196 210 270 272 282 340 389 410 441
#455	173 189 210 235 282 380 388 402 450
#456	129 173 196 239 291 314 340 366 401 466
#457	129 173 196 239 291 314 340 366 401 466
#458	29 129 173 189 196 270 291 314 340
#459	8 29 173 189 196 235 272 388 402
#460	8 29 173 189 196 200 235 272 335 388 402
#461	8 29 67 129 173 180 189 196 210 282
#462	129 173 205 277 324 334 356 393 442
#463	7 8 9 29 173 189 196 205 282 335 401 428
#464	7 8 9 29 173 180 189 196 200 205 210 246 253 276 283 335 401 414 442
#465	29 173 189 220 235 246 282 335 388 402
#466	7 8 9 29 67 129 173 189 270 324 393
#467	7 9 29 67 173 189 257 270
#468	29 129 143 173 189 205 215 239 246 257 271 277 283 314 324 366 387 428 466
#469	29 81 129 173 189 246 253 314 324 366 450 466
#470	29 129 173 189 210 215 235 270 282 387 388 402
#471	29 129 173 189 196 215 270 324 387 401
#472	29 129 143 173 189 210 282 366 401 414
#473	29 173 189 196 210 246 276 282 283 335 414 442
#474	129 173 196 220 253 271 277 324 356 387 428
#475	7 8 9 29 67 129 173 189 210 220 270 271 277 282 324 410 428
#476	7 8 9 29 173 189 205 220 246 277 334 335 356 393 414 442
#477	7 8 9 29 173 180 189 196 220 271 356 389 466
#478	8 29 173 180 189 196 205 220 271 324 335 389 466
#479	129 173 180 189 220 253 271 324 389 466
#480	7 8 9 29 129 173 189 215 270 271 272 277 282 324 428
#481	7 8 9 29 129 173 189 270 271 272 277 282 324 428
#482	7 8 9 29 129 173 189 253 270 271 272 277 282 324 387 428
#483	29 129 173 189 200 210 239 246 334 356 393 414 434 442
#484	29 129 173 189 200 210 239 246 291 356 401 414 434
#485	29 173 189 246 253 257 334 414 442 450
#486	7 8 9 29 173 189 196 246 276 335 356 414 428 442
#487	29 129 173 180 189 196 200 210 220 239 246 314 356 401 414 434 442 466
#488	129 173 189 196 210 270 271 277 324 356 428
#489	129 173 189 196 215 246 253 270 282 291 324 340 387
#490	129 173 189 196 215 246 253 270 282 291 324 340 387
#491	29 129 173 180 189 196 271 282 387 389 466
#492	29 129 173 189 235 283 387 388 402 414 428
#493	29 129 173 189 196 200 210 239 246 257 271 277 291 324 334 356 366 387 401 414 428 434 442 466
#10001	29 67 173 189 271 272 276 277 324 356 428
#386-2	29 67 173 189 271 272 277 282 324 334 356 428
#386-3	29 67 129 173 189 271 272 277 282 324 356 428
#413-1	81 173 189 205 253 283 324 389 414 450
#413-2	81 173 253 283 324 334 389 393 441 442 450
#492-1	29 129 173 189 235 314 366 387 388 402 428 466
#487-1	29 129 173 180 189 196 200 210 239 246 277 314 356 366 401 414 434 442 466
#479-1	129 173 180 189 220 253 271 324 389 466
#479-2	129 173 180 189 220 253 271 324 389 466
#479-3	129 173 180 189 220 253 271 324 389 466
#479-4	129 173 180 189 220 253 271 324 389 466
#479-5	129 173 180 189 220 253 271 324 389 466
#351-1	129 173 196 366 387 466
#351-2	129 173 196 366 387 466
#351-3	129 173 196 366 387 466
