#001	15 70 76 92 104 148 156 182 188 202 213 216 218 237 241 249 263 290 331
#002	15 70 76 92 104 148 156 182 188 202 213 216 218 237 241 249 263 290 331
#003	15 46 63 70 76 89 92 104 148 156 182 188 202 213 216 218 237 241 249 263 290 331
#004	15 53 70 91 92 104 126 156 182 213 216 218 231 237 241 249 263 264 280 290 315 332 337
#005	15 53 70 91 92 104 126 156 182 213 216 218 231 237 241 249 263 264 280 290 315 332 337
#006	15 19 46 53 63 70 89 91 92 104 126 156 182 211 213 216 218 231 237 241 249 263 264 280 290 315 332 337
#007	57 58 59 70 91 92 104 127 156 182 213 216 218 231 237 240 249 258 263 264 280 290 291 352
#008	57 58 59 70 91 92 104 127 156 182 213 216 218 231 237 240 249 258 263 264 280 290 291 352
#009	46 57 58 59 63 70 89 91 92 104 127 156 182 213 216 218 231 237 240 249 258 263 264 280 290 291 352
#012	63 76 92 94 104 148 156 168 182 202 213 216 218 219 237 240 241 247 263 285 290 332
#015	15 63 76 92 104 156 168 182 188 202 213 216 218 237 241 249 263 280 290 332
#016	19 92 104 156 168 182 211 213 216 218 237 240 241 263 290 332
#017	19 92 104 156 168 182 211 213 216 218 237 240 241 263 290 332
#018	19 63 92 104 156 168 182 211 213 216 218 237 240 241 263 290 332
#019	15 58 59 85 87 91 92 104 156 168 182 213 216 218 231 237 240 241 247 249 263 269 290 351
#020	15 46 58 59 63 70 85 87 91 92 104 156 168 182 213 216 218 231 237 240 241 247 249 263 269 290 351
#021	19 92 104 156 168 182 211 213 216 218 237 240 241 263 290 332
#022	19 63 92 104 156 168 182 211 213 216 218 237 240 241 263 290 332
#023	70 89 91 92 104 156 168 182 188 202 213 216 218 231 237 240 241 259 263 289 290
#024	63 70 89 91 92 104 156 168 182 188 202 213 216 218 231 237 240 241 259 263 289 290
#025	70 85 87 91 92 104 113 148 156 182 213 216 218 231 237 240 249 263 264 280 290 351
#026	63 70 85 87 91 92 104 113 148 156 168 182 213 216 218 231 237 240 249 263 264 280 290 351
#027	15 70 89 91 92 104 156 168 182 201 213 216 218 231 237 241 249 263 264 280 290 317 332
#028	15 63 70 89 91 92 104 156 168 182 201 213 216 218 231 237 241 249 263 264 280 290 317 332
#029	15 58 59 70 85 87 91 92 104 156 168 182 188 213 216 218 231 237 240 241 249 263 290 332 351 352
#030	15 58 59 70 85 87 91 92 104 156 168 182 188 213 216 218 231 237 240 241 249 263 290 332 351 352
#031	15 46 53 57 58 59 63 70 85 87 89 91 92 104 126 156 168 182 188 201 213 216 218 231 237 240 241 247 249 259 263 264 269 280 290 317 332 351 352
#032	15 58 59 70 85 87 91 92 104 156 168 182 188 213 216 218 231 237 240 241 249 263 290 351 352
#033	15 58 59 70 85 87 91 92 104 156 168 182 188 213 216 218 231 237 240 241 249 263 290 351 352
#034	15 46 53 57 58 59 63 70 85 87 89 91 92 104 126 156 168 182 188 201 213 216 218 231 237 240 241 247 249 259 263 264 269 280 290 317 351 352
#035	53 58 59 70 76 85 87 91 92 94 104 113 115 126 148 156 182 213 216 218 219 231 237 240 241 247 263 264 280 289 290 347 351 352
#036	53 58 59 63 70 76 85 87 91 92 94 104 113 115 126 148 156 182 213 216 218 219 231 237 240 241 247 263 264 280 289 290 347 351 352
#037	46 53 91 92 104 126 156 182 213 216 218 219 231 237 241 263 290 315
#038	46 53 63 91 92 104 126 156 182 213 216 218 219 231 237 241 263 290 315
#039	53 58 59 70 76 85 87 91 92 94 104 113 115 126 148 156 182 213 216 218 219 237 240 241 247 263 264 280 289 290 351 352
#040	53 58 59 63 70 76 85 87 91 92 94 104 113 115 126 148 156 182 213 216 218 219 237 240 241 247 263 264 280 289 290 351 352
#041	92 104 156 168 182 188 202 211 213 216 218 237 240 241 247 259 263 269 289 290 332
#042	63 92 104 156 168 182 188 202 211 213 216 218 237 240 241 247 259 263 269 289 290 332
#043	15 76 92 104 148 156 182 188 202 213 216 218 237 241 263 290 331
#044	15 76 92 104 148 156 182 188 202 213 216 218 237 241 263 290 331
#045	15 63 76 92 104 148 156 182 188 202 213 216 218 237 241 263 290 331
#046	15 76 91 92 104 148 156 168 182 188 202 213 216 218 237 241 249 263 290 331 332
#047	15 63 76 91 92 104 148 156 168 182 188 202 213 216 218 237 241 249 263 290 331 332
#048	76 92 94 104 148 156 168 182 188 202 213 216 218 237 241 263 285 290
#049	63 76 92 94 104 148 156 168 182 188 202 213 216 218 237 241 263 285 290 332
#050	15 89 91 92 104 156 168 182 188 213 216 218 237 241 249 263 290 317 332
#051	15 63 89 91 92 104 156 168 182 188 213 216 218 237 241 249 263 290 317 332
#052	15 85 87 91 92 104 148 156 168 182 213 216 218 231 237 240 241 247 259 263 269 289 290 332 351 352
#053	15 46 63 85 87 91 92 104 148 156 168 182 213 216 218 231 237 240 241 247 259 263 269 289 290 332 351 352
#054	57 58 59 70 91 92 104 127 148 156 182 213 216 218 231 237 240 249 258 263 264 280 290 291 332 347 352
#055	57 58 59 63 70 91 92 104 127 148 156 182 213 216 218 231 237 240 249 258 263 264 280 290 291 332 347 352
#056	70 85 87 89 91 92 104 156 168 182 213 216 218 231 237 240 241 249 263 264 269 280 290 315 317 332 339
#057	63 70 85 87 89 91 92 104 156 168 182 213 216 218 231 237 240 241 249 263 264 269 280 290 315 317 332 339
#058	46 53 70 91 92 104 126 156 168 182 213 216 218 231 237 241 249 263 290 315 332
#059	46 53 63 70 91 92 104 126 156 168 182 213 216 218 231 237 241 249 263 290 315 332
#060	57 58 59 91 92 94 104 127 156 168 182 213 216 218 237 240 258 263 290 291 352
#061	57 58 59 70 89 91 92 94 104 127 156 168 182 213 216 218 237 240 249 258 263 264 280 290 291 352
#062	57 58 59 63 70 89 91 92 94 104 127 156 168 182 213 216 218 237 240 249 258 263 264 280 290 291 317 339 352
#063	92 94 104 113 115 148 156 168 182 213 216 218 219 231 237 240 241 247 259 263 264 269 285 289 290 347 351
#064	92 94 104 113 115 148 156 168 182 213 216 218 219 231 237 240 241 247 259 263 264 269 285 289 290 347 351
#065	63 92 94 104 113 115 148 156 168 182 213 216 218 219 231 237 240 241 247 259 263 264 269 285 289 290 347 351
#066	53 70 89 91 92 104 126 156 168 182 213 216 218 237 240 241 249 263 264 280 290 317 339
#067	53 70 89 91 92 104 126 156 168 182 213 216 218 237 240 241 249 263 264 280 290 317 339
#068	53 63 70 89 91 92 104 126 156 168 182 213 216 218 237 240 241 249 263 264 280 290 317 339
#069	15 76 92 104 148 156 168 182 188 202 213 216 218 237 241 263 290 331
#070	15 76 92 104 148 156 168 182 188 202 213 216 218 237 241 263 290 331
#071	15 63 76 92 104 148 156 168 182 188 202 213 216 218 237 241 263 290 331
#072	15 57 58 59 92 104 127 156 168 182 188 202 213 216 218 237 240 258 263 290 291 352
#073	15 57 58 59 63 92 104 127 156 168 182 188 202 213 216 218 237 240 258 263 290 291 352
#074	53 70 89 91 92 104 126 156 182 201 213 216 218 237 241 249 263 264 280 290 317
#075	53 70 89 91 92 104 126 156 182 201 213 216 218 237 241 249 263 264 280 290 317
#076	46 53 63 70 89 91 92 104 126 156 182 201 213 216 218 237 241 249 263 264 280 290 317
#077	53 70 76 92 104 126 156 182 213 216 218 231 237 241 263 290 315
#078	53 63 70 76 92 104 126 156 182 213 216 218 231 237 241 263 290 315
#079	53 57 58 59 70 89 91 92 94 104 126 148 156 182 213 216 218 219 231 237 240 241 247 258 263 285 290 291 347 352
#080	53 57 58 59 63 70 89 91 92 94 104 126 148 156 182 213 216 218 219 231 237 240 241 247 249 258 263 264 280 285 290 291 347 352
#081	85 87 92 104 115 148 156 182 216 218 237 240 241 263 290 351
#082	63 85 87 92 104 115 148 156 182 216 218 237 240 241 263 290 351
#083	15 19 92 104 156 168 182 211 213 216 218 231 237 241 263 290 332
#084	19 92 104 156 168 182 211 213 216 218 237 241 263 290 332
#085	19 63 92 104 156 168 182 211 213 216 218 237 241 259 263 269 290 332
#086	57 58 59 92 104 127 156 168 182 213 216 218 219 237 240 258 263 290 291 352
#087	57 58 59 63 92 104 127 156 168 182 213 216 218 219 237 240 258 263 290 291 352
#088	53 85 87 91 92 104 126 156 168 182 188 202 213 216 218 237 240 241 259 263 269 290 317 351
#089	53 63 70 85 87 91 92 104 126 156 168 182 188 202 213 216 218 237 240 241 249 259 263 264 269 280 290 317 351
#090	57 58 59 92 104 156 182 213 216 218 237 240 258 263 290 291 352
#091	57 58 59 63 92 104 156 182 213 216 218 237 240 258 259 263 290 291 352
#092	85 92 94 104 156 168 182 188 202 213 216 218 237 240 241 247 259 263 269 285 289 290
#093	85 92 94 104 156 168 182 188 202 213 216 218 237 240 241 247 259 263 269 285 289 290
#094	63 70 85 87 92 94 104 156 168 182 188 202 213 216 218 237 240 241 247 249 259 263 264 269 280 285 289 290
#095	46 70 89 91 92 104 156 182 201 213 216 218 231 237 241 249 259 263 269 290 317
#096	92 94 104 113 115 148 156 168 182 213 216 218 219 237 240 241 247 259 263 264 269 280 285 289 290 347
#097	63 92 94 104 113 115 148 156 168 182 213 216 218 219 237 240 241 247 259 263 264 269 280 285 289 290 347
#098	15 57 58 59 70 91 92 104 156 168 182 213 216 218 237 240 249 258 263 290 291 317 352
#099	15 57 58 59 63 70 91 92 104 156 168 182 213 216 218 237 240 249 258 263 290 291 317 352
#100	85 87 92 104 113 148 156 168 182 216 218 237 240 259 263 269 290 351
#101	63 85 87 92 104 113 148 156 168 182 216 218 237 240 259 263 269 290 351
#102	70 76 92 94 104 113 115 148 156 168 182 188 202 213 216 218 237 241 263 285 290 331
#103	63 70 76 92 94 104 113 115 148 156 168 182 188 202 213 216 218 237 241 263 285 290 331
#104	53 58 59 70 89 91 92 104 126 156 168 182 201 213 216 218 231 237 241 249 263 264 280 290 317 332
#105	53 58 59 63 70 89 91 92 104 126 156 168 182 201 213 216 218 231 237 241 249 263 264 280 290 317 332
#106	70 89 92 104 156 168 182 213 216 218 237 240 241 249 263 264 280 290 317 339
#107	70 89 92 104 156 168 182 213 216 218 237 240 241 249 263 264 280 290 317 339
#108	15 53 57 58 59 63 70 76 85 87 89 91 92 104 126 156 168 182 201 213 216 218 231 237 240 241 247 249 263 264 280 290 317 351 352
#109	53 85 87 92 104 126 148 156 168 182 188 213 216 218 237 240 241 247 259 263 269 290 351
#110	53 63 85 87 92 104 126 148 156 168 182 188 213 216 218 237 240 241 247 259 263 269 290 351
#111	46 53 58 59 70 85 87 89 91 92 104 126 156 168 182 201 213 216 218 231 237 240 241 249 263 290 317 351
#112	15 46 53 57 58 59 63 70 85 87 89 91 92 104 126 156 168 182 201 213 216 218 231 237 240 241 249 263 264 280 290 317 351
#113	53 58 59 63 70 76 85 87 89 92 94 104 113 126 148 156 182 201 213 216 218 219 231 237 240 241 247 249 258 263 264 280 285 289 290 317 347 351 352
#114	15 63 76 92 104 148 156 168 182 188 202 213 216 218 237 241 249 263 290 331
#115	15 46 53 57 58 59 63 70 76 85 87 89 91 92 104 126 156 168 182 201 213 216 218 231 237 240 241 247 249 258 263 264 280 290 317 332 351 352
#116	57 58 59 92 104 127 156 182 213 216 218 237 240 258 263 290 291 352
#117	57 58 59 63 92 104 127 156 182 213 216 218 237 240 258 263 290 291 352
#118	57 58 59 92 104 127 156 182 213 216 218 237 240 258 263 290 291 352
#119	57 58 59 63 92 104 127 156 182 213 216 218 237 240 258 263 290 291 352
#120	57 58 59 85 87 92 94 104 113 115 127 148 156 182 216 218 237 240 258 263 290 291 352
#121	57 58 59 63 85 87 92 94 104 113 115 127 148 156 182 216 218 237 240 258 263 285 290 291 352
#122	63 76 85 87 92 94 104 113 115 148 156 168 182 213 216 218 219 237 240 241 247 259 263 264 269 280 285 289 290 347 351
#123	15 63 92 104 156 168 182 211 213 216 218 237 240 241 249 263 290 332
#124	58 59 63 92 94 104 113 115 148 156 168 182 213 216 218 237 240 247 258 259 263 264 269 280 285 290 347 352
#125	63 70 85 87 92 94 104 113 148 156 168 182 213 216 218 231 237 240 249 263 264 280 290 351
#126	53 63 70 92 94 104 126 156 168 182 213 216 218 231 237 241 249 263 264 280 290
#127	15 63 70 89 91 92 104 156 168 182 213 216 218 237 240 241 249 263 264 280 290 317 339
#128	53 57 58 59 63 70 76 85 87 89 92 104 126 156 182 201 213 216 218 231 237 240 241 249 263 290 317 351 352
#130	46 53 57 58 59 63 70 85 87 89 92 104 126 127 156 182 201 213 216 218 237 240 249 258 259 263 269 290 291 352
#131	46 57 58 59 63 70 85 87 92 94 104 127 156 182 213 216 218 219 231 237 240 249 258 263 290 291 351 352
#133	91 92 104 156 182 213 216 218 231 237 240 241 247 263 290
#134	46 57 58 59 63 91 92 104 127 156 182 213 216 218 231 237 240 241 247 258 263 290 291 352
#135	46 63 85 87 91 92 104 148 156 182 213 216 218 231 237 240 241 247 263 290 351
#136	46 53 63 91 92 104 126 156 182 213 216 218 231 237 240 241 247 263 290 315
#137	58 59 63 76 85 87 92 94 104 148 156 168 182 216 218 231 237 240 241 247 263 290 332 351
#138	57 58 59 92 104 127 156 168 182 201 213 216 218 237 240 249 258 263 290 291 317 352
#139	57 58 59 63 92 104 127 156 168 182 201 213 216 218 237 240 249 258 263 290 291 317 352
#140	57 58 59 91 92 104 127 156 168 182 201 202 213 216 218 237 240 249 258 263 290 317 332 352
#141	15 57 58 59 63 91 92 104 127 156 168 182 201 202 213 216 218 237 240 249 258 263 280 290 291 317 332 352
#142	19 46 53 63 70 89 92 104 126 156 168 182 201 211 213 216 218 231 237 240 241 249 259 263 269 290 317 332 337
#143	53 57 58 59 63 70 76 85 87 89 92 94 104 126 156 182 201 213 216 218 237 240 241 247 263 264 280 290 317 351 352
#144	19 46 58 59 63 92 104 115 156 182 201 211 216 218 237 240 241 249 258 263 290 332 352
#145	19 46 63 85 87 92 104 113 148 156 182 201 211 216 218 237 240 241 249 263 290 332 351
#146	19 46 53 63 92 104 126 156 182 201 211 216 218 219 237 240 241 249 263 290 315 332
#147	53 57 58 59 63 85 87 92 104 126 127 156 182 213 216 218 219 231 237 240 241 258 263 290 351 352
#148	53 57 58 59 63 85 87 92 104 126 127 156 182 213 216 218 219 231 237 240 241 258 263 290 351 352
#149	15 19 46 53 57 58 59 63 70 85 87 89 92 104 126 127 156 182 201 211 213 216 218 219 231 237 240 241 249 258 263 264 280 290 291 317 332 337 351 352
#150	53 58 59 63 70 76 85 87 89 92 94 104 113 115 126 148 156 182 201 216 218 219 231 237 240 241 247 249 258 259 263 264 269 280 285 289 290 317 332 339 347 351 352
#151	15 19 46 53 57 58 59 63 70 76 85 87 89 91 92 94 104 113 115 126 127 148 156 168 182 188 201 202 211 213 216 218 219 231 237 240 241 247 249 258 259 263 264 269 280 285 289 290 291 315 317 331 332 337 339 347 351 352
#152	15 76 92 104 113 115 148 156 182 202 213 216 218 219 231 237 241 263 290 331
#153	15 70 76 92 104 113 115 148 156 182 202 213 216 218 219 231 237 241 249 263 290 331
#154	15 63 70 76 89 92 104 113 115 148 156 182 202 213 216 218 219 231 237 241 249 263 290 331
#155	15 53 91 92 104 126 156 182 213 216 218 237 241 263 290 315 332
#156	15 46 53 70 91 92 104 126 156 182 213 216 218 237 241 249 263 264 280 290 315 332
#157	15 46 53 63 70 89 91 92 104 126 156 182 213 216 218 237 241 249 263 264 280 290 315 332
#158	15 57 58 59 91 92 104 127 156 182 213 216 218 231 237 240 258 263 264 280 290 291 332 352
#159	15 46 57 58 59 70 91 92 104 127 156 182 213 216 218 231 237 240 249 258 263 264 280 290 291 332 352
#160	15 46 57 58 59 63 70 89 91 92 104 127 156 182 213 216 218 231 237 240 249 258 263 264 280 290 291 332 337 352
#161	15 53 57 58 76 85 91 92 104 156 168 182 213 216 218 231 237 240 241 247 263 264 280 290 351 352
#162	15 53 57 58 59 63 70 76 85 87 91 92 104 156 168 182 213 216 218 231 237 240 241 247 249 263 264 280 290 351 352
#163	19 92 94 104 115 148 156 168 182 211 213 216 218 237 240 241 247 263 290 332
#164	19 63 92 94 104 115 148 156 168 182 211 213 216 218 237 240 241 247 263 290 332
#165	76 91 92 104 113 115 148 156 168 182 202 213 216 218 219 237 241 263 264 280 290 332
#166	63 76 91 92 104 113 115 148 156 168 182 202 213 216 218 219 237 241 263 264 280 290 332
#167	76 91 92 94 104 148 156 168 182 188 202 213 216 218 237 241 263 290
#168	63 76 91 92 94 104 148 156 168 182 188 202 213 216 218 237 241 263 290
#169	19 63 92 104 156 168 182 188 202 211 213 216 218 237 240 241 247 259 263 269 289 290 332
#170	57 58 59 85 87 92 104 127 148 156 182 213 216 218 237 240 258 263 290 291 351 352
#171	57 58 59 63 85 87 92 104 127 148 156 182 213 216 218 237 240 258 263 290 291 351 352
#172	85 87 92 104 113 148 156 182 213 216 218 231 237 240 263 290 351
#173	53 76 91 92 94 104 113 115 126 148 156 182 213 216 218 219 231 237 240 241 247 263 290 351 352
#174	53 76 91 92 94 104 113 115 126 148 156 182 213 216 218 219 237 240 241 247 263 290 351 352
#175	53 76 92 94 104 113 115 126 148 156 182 213 216 218 219 237 240 241 247 249 263 290 351 352
#176	19 53 63 76 92 94 104 113 115 126 148 156 182 211 213 216 218 219 237 240 241 247 249 263 264 280 290 332 351 352
#177	76 92 94 104 113 115 148 156 168 182 202 211 213 216 218 237 240 241 247 263 285 290 332 347
#178	19 63 76 92 94 104 113 115 148 156 168 182 202 211 213 216 218 237 240 241 247 263 285 290 332 347
#179	85 87 92 104 113 148 156 182 213 216 218 231 237 240 263 290 351
#180	70 85 87 92 104 113 148 156 182 213 216 218 231 237 240 249 263 264 280 290 351
#181	63 70 85 87 92 104 113 148 156 182 213 216 218 231 237 240 249 263 264 280 290 351
#182	15 63 76 92 104 148 156 182 188 202 213 216 218 219 237 241 263 290 331
#183	57 58 59 70 91 92 104 127 156 182 213 216 218 231 237 240 249 258 263 264 280 290 291 352
#184	57 58 59 63 70 91 92 104 127 156 182 213 216 218 231 237 240 249 258 263 264 280 290 291 352
#185	70 89 91 92 104 156 168 182 201 213 216 218 237 241 249 263 264 269 280 290 317 347
#186	57 58 59 63 70 89 91 92 94 104 127 156 168 182 213 216 218 237 240 249 258 263 264 280 290 291 352
#187	76 92 104 148 156 182 202 213 216 218 237 241 263 290 331 332
#188	76 92 104 148 156 182 202 213 216 218 237 241 263 290 331 332
#189	63 76 92 104 148 156 182 202 213 216 218 237 241 263 290 331 332
#190	15 70 76 85 87 91 92 104 156 168 182 213 216 218 231 237 240 241 247 249 263 264 269 280 289 290 332 351 352
#191	15 76 92 104 113 148 156 182 188 202 213 216 218 219 237 241 263 290 331
#192	15 63 76 92 104 113 148 156 182 188 202 213 216 218 219 237 241 263 290 331
#193	76 92 94 104 148 156 168 182 202 211 213 216 218 237 241 247 263 290 332
#194	57 58 59 89 91 92 104 127 148 156 182 188 201 213 216 218 231 237 240 249 258 263 290 291 352
#195	57 58 59 63 70 89 91 92 104 127 148 156 182 188 201 213 216 218 231 237 240 249 258 263 264 280 290 291 317 352
#196	15 63 91 92 94 104 113 115 148 156 182 213 216 218 231 237 240 241 247 263 285 290 347
#197	15 63 91 92 94 104 148 156 182 213 216 218 231 237 240 241 247 259 263 269 289 290
#198	19 92 104 156 168 182 211 213 216 218 237 240 241 247 259 263 269 289 290 332 347
#199	53 57 58 59 63 70 89 91 92 94 104 126 148 156 182 213 216 218 219 231 237 240 241 247 249 258 263 264 280 285 290 291 347 352
#200	85 87 92 94 104 148 156 168 182 213 216 218 237 240 241 247 259 263 269 285 289 290 332 347 351
#203	70 85 87 89 92 94 104 113 115 148 156 168 182 213 216 218 231 237 240 241 247 249 263 285 290 347 351
#204	70 76 89 91 92 104 113 115 156 182 201 202 213 216 218 237 241 249 263 290
#205	63 70 76 89 91 92 104 113 115 156 182 201 202 213 216 218 237 241 249 263 290
#206	53 58 59 70 76 85 87 89 91 92 104 126 156 168 182 213 216 218 231 237 240 241 247 249 263 290 317 347 351 352
#207	15 70 89 91 92 104 156 168 182 188 201 211 213 216 218 231 237 240 241 249 263 290 317 332
#208	15 46 63 70 89 91 92 104 156 182 201 213 216 218 231 237 241 249 259 263 269 290 317
#209	46 53 70 76 85 87 89 91 92 104 126 156 168 182 188 213 216 218 237 240 241 247 249 259 263 264 269 280 290 315 339 351 352
#210	46 53 63 70 76 85 87 89 91 92 104 126 156 168 182 188 213 216 218 231 237 240 241 247 249 259 263 264 269 280 290 315 317 339 351 352
#211	57 58 59 92 104 127 156 182 188 213 216 218 237 240 247 258 263 290 291 351 352
#212	15 63 70 92 104 156 168 182 201 211 213 216 218 237 240 241 249 263 290 332
#213	70 89 91 92 104 148 156 182 188 201 213 216 218 219 237 241 249 263 290 317
#214	15 63 70 89 91 92 104 156 168 182 213 216 218 237 240 241 249 263 264 280 290 317 339
#215	15 57 58 59 70 91 92 104 156 168 182 213 216 218 231 237 240 241 247 249 258 259 263 264 269 280 289 290 332 347
#216	15 46 70 89 91 92 104 156 168 182 213 216 218 237 240 241 249 259 263 264 269 280 290 332 339
#217	15 46 63 70 89 91 92 104 156 168 182 213 216 218 237 240 241 249 259 263 264 269 280 290 317 332 339
#218	53 92 104 113 115 126 156 182 213 216 218 237 241 249 263 290 315
#219	53 63 70 89 92 104 113 115 126 156 182 201 213 216 218 237 241 249 263 290 315 317
#220	46 58 59 70 89 91 92 104 113 115 156 182 201 213 216 218 237 240 249 258 263 290 317
#221	46 58 59 63 70 89 91 92 104 113 115 156 182 201 213 216 218 237 240 249 258 263 290 317
#222	57 58 59 70 89 91 92 94 104 113 115 156 182 201 213 216 218 219 237 240 241 247 249 258 263 290 317 347 352
#223	53 57 58 59 63 92 94 104 126 127 156 168 182 213 216 218 237 240 241 263 290 291 352
#224	53 57 58 59 63 92 94 104 126 127 156 168 182 188 213 216 218 237 240 241 263 290 291 331 352
#225	19 58 59 92 104 156 168 182 213 216 218 237 240 258 263 264 290 332 352
#226	57 58 59 89 92 104 127 156 182 213 216 218 237 240 258 263 290 291 332 352
#227	15 19 46 92 104 156 168 182 201 211 213 216 218 237 241 249 259 263 269 290 332
#228	46 53 76 92 104 126 156 168 182 188 213 216 218 231 237 241 247 249 259 263 269 289 290 315
#229	46 53 63 70 76 92 104 126 156 168 182 188 213 216 218 231 237 241 247 249 259 263 269 289 290 315
#230	57 58 59 63 92 104 127 156 182 213 216 218 237 240 258 263 290 291 352
#231	46 70 89 92 104 156 182 201 213 216 218 231 237 241 249 263 290 317
#232	46 63 70 89 92 104 156 182 201 213 216 218 231 237 241 249 263 290 317
#233	58 59 63 76 85 87 92 94 104 148 156 168 182 216 218 231 237 240 241 247 263 290 332 351
#234	46 76 85 87 89 92 94 104 113 115 148 156 168 182 213 216 218 231 237 240 241 247 263 285 290 347 351
#236	70 89 92 104 156 168 182 213 216 218 237 240 241 249 263 280 290 339
#237	70 89 91 92 104 156 168 182 201 213 216 218 237 240 241 249 263 280 290 339
#238	58 59 92 94 104 113 115 148 156 168 182 213 216 218 237 240 247 258 263 285 290 347 352
#239	85 87 92 94 104 113 148 156 168 182 213 216 218 237 240 249 263 264 280 290 351
#240	53 92 94 104 126 156 168 182 213 216 218 231 237 241 249 263 264 280 290
#241	57 58 59 63 70 76 85 87 89 92 104 156 182 201 213 216 218 231 237 240 241 247 249 263 264 280 290 317 351 352
#242	53 58 59 63 70 76 85 87 89 92 94 104 113 126 148 156 182 201 213 216 218 219 231 237 240 241 247 249 258 263 264 280 285 289 290 317 347 351 352
#243	15 46 63 70 85 87 91 92 104 115 148 156 182 201 216 218 231 237 240 241 249 263 290 347 351
#244	15 46 53 63 70 76 91 92 104 115 126 148 156 182 201 216 218 231 237 240 241 249 263 290 347
#245	15 46 57 58 59 63 91 92 104 115 127 156 182 201 216 218 231 237 240 241 249 258 263 290 291 347 352
#246	63 89 91 92 104 156 182 201 213 216 218 237 240 241 249 259 263 269 280 290
#247	63 89 91 92 104 156 182 201 213 216 218 237 240 241 249 259 263 269 280 290
#248	15 46 53 57 58 59 63 70 85 87 89 91 92 104 126 156 182 201 213 216 218 231 237 240 241 249 259 263 264 269 280 290 317 332 337 351 352
#249	19 46 57 58 59 63 70 85 87 89 92 94 104 113 115 127 156 182 201 202 211 216 218 219 231 237 240 241 247 249 258 263 285 290 291 332 347 351 352
#250	19 46 53 63 70 76 85 87 89 92 94 104 113 115 126 148 156 182 201 202 211 216 218 219 237 240 241 247 249 263 290 315 332 347 351
#251	15 63 76 92 94 104 113 115 148 156 182 201 202 216 218 219 237 240 241 247 263 285 290 332 347 351 352
#252	15 70 76 91 92 104 148 156 182 202 213 216 218 219 231 237 241 249 263 264 280 290 317 331 332
#253	15 70 76 91 92 104 148 156 182 202 213 216 218 219 231 237 241 249 263 264 280 290 317 331 332
#254	15 46 63 70 76 89 91 92 104 148 156 182 202 213 216 218 219 231 237 241 249 263 264 280 290 317 331 332 337
#255	15 53 70 91 92 104 126 156 182 213 216 218 237 241 249 263 290 315 317 332
#256	15 53 70 91 92 104 126 156 182 213 216 218 237 241 249 263 264 280 290 315 317 332 339
#257	15 46 53 63 70 89 91 92 104 126 156 182 213 216 218 237 241 249 263 264 280 290 315 317 332 339
#258	57 58 59 70 91 92 104 127 156 182 213 216 218 231 237 240 249 258 263 290 291 317 352
#259	57 58 59 70 89 91 92 104 127 156 182 213 216 218 231 237 240 249 258 263 290 291 317 352
#260	46 57 58 59 63 70 89 91 92 104 127 156 182 213 216 218 231 237 240 249 258 263 264 280 290 291 317 352
#261	46 91 92 104 156 168 182 213 216 218 231 237 240 241 247 249 259 263 269 289 290
#262	46 63 70 91 92 104 156 168 182 213 216 218 231 237 240 241 247 249 259 263 269 289 290
#263	15 57 58 59 85 87 91 92 104 156 168 182 213 216 218 231 237 240 241 247 249 263 290 351 352
#264	15 46 57 58 59 63 70 85 87 91 92 104 156 168 182 213 216 218 231 237 240 241 247 249 263 290 351 352
#267	63 76 92 94 104 148 156 168 182 202 213 216 218 219 237 241 247 263 290 332
#269	63 76 92 94 104 113 148 156 168 182 188 202 213 216 218 237 241 247 263 290 332
#270	57 58 59 76 92 104 148 156 168 182 202 213 216 218 237 240 241 258 263 290 331 352
#271	57 58 59 70 76 92 104 127 148 156 168 182 202 213 216 218 237 240 241 249 258 263 280 290 291 331 352
#272	57 58 59 63 70 76 92 104 127 148 156 168 182 202 213 216 218 237 240 241 249 258 263 264 280 290 291 331 352
#273	76 91 92 104 148 156 182 202 213 216 218 237 241 247 249 263 290 331
#274	15 63 70 76 91 92 104 148 156 168 182 202 213 216 218 237 241 247 249 259 263 280 290 317 331
#275	15 63 70 76 91 92 104 148 156 168 182 202 213 216 218 237 241 247 249 259 263 280 290 317 331 332
#276	19 92 104 156 168 182 211 213 216 218 237 240 241 263 290 332
#277	19 63 92 104 156 168 182 211 213 216 218 237 240 241 263 290 332
#278	19 58 59 92 104 156 168 182 211 213 216 218 237 240 258 263 290 332 351 352
#279	19 57 58 59 63 92 104 156 168 182 211 213 216 218 237 240 258 263 290 332 351 352
#280	85 92 94 104 113 115 148 156 168 182 213 216 218 219 237 240 241 247 259 263 269 285 289 290 347 351
#281	85 92 94 104 113 115 148 156 168 182 213 216 218 219 237 240 241 247 259 263 269 285 289 290 347 351
#282	63 85 92 94 104 113 115 148 156 168 182 213 216 218 219 237 240 241 247 259 263 269 285 289 290 347 351
#283	58 59 76 92 104 148 156 168 182 202 213 216 218 237 240 241 247 263 290 352
#284	58 59 63 76 92 104 148 156 168 182 202 213 216 218 237 240 241 247 263 290 332 352
#285	76 92 104 148 156 182 188 202 213 216 218 219 237 241 263 289 290 331
#286	15 63 70 76 92 104 148 156 182 188 202 213 216 218 219 231 237 241 249 263 264 280 289 290 331 339
#287	15 53 58 59 70 76 85 87 92 104 126 156 182 213 216 218 237 240 241 247 249 263 264 280 290 332 339 351 352
#288	15 46 53 58 59 70 76 85 87 89 92 104 126 156 182 213 216 218 237 240 241 247 249 263 264 269 280 290 332 339 351 352
#289	15 46 53 58 59 63 70 76 85 87 89 92 104 126 156 182 213 216 218 237 240 241 247 249 263 264 269 280 290 332 339 351 352
#290	15 76 91 92 104 148 156 182 201 202 216 218 237 241 247 263 290 332
#291	15 63 76 91 92 104 148 156 168 182 201 202 213 216 218 237 241 247 263 290 332
#292	15 63 76 91 92 104 148 156 168 182 201 202 216 218 237 241 247 263 290 332
#293	46 53 58 59 76 92 104 126 156 182 213 216 218 237 240 241 247 263 290 351 352
#294	46 53 58 59 70 76 89 92 104 126 156 182 213 216 218 237 240 241 247 249 259 263 269 280 290 315 351 352
#295	46 53 58 59 63 70 76 89 92 104 126 156 182 213 216 218 237 240 241 247 249 259 263 269 280 290 315 351 352
#296	57 70 89 91 92 104 156 182 213 216 218 237 240 241 249 263 264 280 290 317 339
#297	57 63 70 89 91 92 104 156 182 213 216 218 237 240 241 249 263 264 280 290 317 339
#298	57 58 59 92 104 127 156 182 213 216 218 231 237 240 258 263 290 352
#299	70 85 87 89 92 104 156 182 201 213 216 218 237 241 249 259 263 269 290 317 351
#300	58 59 76 85 87 91 92 104 148 156 182 213 216 218 219 231 237 240 241 247 263 290 347 351 352
#301	58 59 63 70 76 85 87 91 92 104 148 156 182 213 216 218 219 231 237 240 241 247 249 263 290 347 351 352
#302	15 91 92 94 104 148 156 168 182 213 216 218 237 240 241 247 249 259 263 264 269 280 289 290 317 332 347 351 352
#303	53 58 63 70 76 92 104 126 156 182 188 201 213 216 218 237 240 241 249 259 263 264 269 280 290 317
#304	15 46 70 89 91 92 104 156 182 201 213 216 218 231 237 240 241 249 263 290 317 332 351 352
#305	15 46 70 89 91 92 104 156 182 201 213 216 218 231 237 240 241 249 263 290 317 332 351 352
#306	15 46 53 57 58 59 63 70 76 85 87 89 91 92 104 126 156 182 201 213 216 218 231 237 240 241 249 263 264 269 280 290 317 332 337 351 352
#307	70 92 94 104 113 115 148 156 182 213 216 218 237 240 241 247 249 263 264 280 290 317 339 347
#308	63 70 92 94 104 113 115 148 156 182 213 216 218 237 240 241 247 249 263 264 280 290 317 339 347
#309	46 70 85 87 92 104 148 156 168 182 213 216 218 231 237 240 263 290 351
#310	46 63 70 85 87 92 104 148 156 168 182 213 216 218 231 237 240 263 290 351
#311	85 87 92 104 113 148 156 182 213 216 218 231 237 240 263 290 351
#312	85 87 92 104 113 148 156 182 213 216 218 231 237 240 263 290 351
#313	76 85 87 92 104 113 148 156 168 182 202 213 216 218 237 240 241 247 263 264 280 290 332 351 352
#314	76 85 87 92 104 113 148 156 168 182 202 213 216 218 237 240 241 247 263 264 280 290 332 351 352
#315	15 76 92 104 148 156 182 188 202 213 216 218 237 241 247 263 290 331
#316	58 70 76 92 104 156 182 188 202 213 216 218 237 240 241 247 249 263 289 290 331 351 352
#317	58 63 70 76 92 104 156 182 188 202 213 216 218 237 240 241 247 249 263 289 290 331 351 352
#318	57 58 59 92 104 127 156 168 182 213 216 218 237 240 258 259 263 269 290 291 352
#319	46 57 58 59 63 70 89 92 104 127 156 168 182 213 216 218 237 240 249 258 259 263 269 290 291 317 352
#320	46 57 58 59 70 89 92 104 127 156 182 213 216 218 237 240 249 258 263 290 291 317 352
#321	46 57 58 59 63 70 89 92 104 127 156 182 213 216 218 237 240 249 258 263 290 291 317 352
#322	53 70 89 91 92 104 126 156 182 201 213 216 218 237 241 249 263 290 315 317
#323	46 53 63 70 89 91 92 104 126 156 182 201 213 216 218 237 241 249 263 290 315 317
#324	53 70 92 104 126 156 182 188 213 216 218 231 237 241 249 263 290 315
#325	92 94 104 113 115 148 156 168 182 213 216 218 231 237 240 241 247 259 263 269 285 289 290 347 351
#326	63 92 94 104 113 115 148 156 168 182 213 216 218 231 237 240 241 247 259 263 264 269 285 289 290 347 351
#327	70 91 92 94 104 148 156 168 182 213 216 218 219 237 240 241 247 249 263 264 280 285 289 290 317 347 351 352
#328	63 70 76 89 91 92 104 156 182 201 202 213 216 218 237 241 249 263 290 317
#329	19 63 70 76 89 91 92 104 156 182 201 202 211 213 216 218 237 241 249 263 290 317
#330	19 53 63 70 76 89 91 92 104 126 156 182 201 202 211 213 216 218 231 237 241 249 263 290 317 337
#331	15 76 92 104 148 156 182 201 202 213 216 218 237 241 263 264 290 331
#332	15 63 70 76 92 104 148 156 182 201 202 213 216 218 237 241 263 264 290 331
#333	19 58 76 92 104 156 168 182 211 213 216 218 219 237 240 241 263 290 332
#334	19 46 53 58 63 76 89 92 104 126 156 168 182 211 213 216 218 219 231 237 240 241 249 263 290 332 337
#335	46 53 58 59 70 76 85 87 91 92 104 126 156 168 182 202 213 216 218 231 237 240 241 247 249 263 264 269 280 290 332 351 352
#336	53 70 89 91 92 104 156 168 182 188 202 213 216 218 231 237 240 241 249 263 269 289 290
#337	58 63 89 92 94 104 113 115 148 156 182 201 216 218 219 237 240 247 263 285 290 317 347
#338	53 63 76 89 92 94 104 113 115 126 148 156 182 201 216 218 219 237 241 247 263 285 290 315 317 347
#339	57 58 59 89 92 104 127 156 182 201 213 216 218 237 240 258 263 290 291 317 352
#340	57 58 59 63 70 89 92 104 127 156 182 201 213 216 218 237 240 249 258 263 290 291 317 352
#341	15 57 58 59 70 91 92 104 127 156 182 188 213 216 218 237 240 249 258 263 269 280 290 317 332 352
#342	15 57 58 59 63 70 91 92 104 127 156 182 188 213 216 218 237 240 249 258 263 269 280 290 291 317 332 352
#343	58 76 89 91 92 94 104 113 115 148 156 182 201 216 218 237 240 241 247 263 285 290 317
#344	58 63 70 76 89 91 92 94 104 113 115 148 156 182 201 216 218 237 240 241 247 249 263 285 290 317
#345	76 92 104 156 182 188 201 202 213 216 218 237 241 263 290 331
#346	63 70 76 89 92 104 156 182 188 201 202 213 216 218 237 241 249 263 290 317 331
#347	15 91 92 104 156 182 201 213 216 218 237 241 249 263 280 290 317 332 352
#348	15 63 70 89 91 92 104 156 182 201 213 216 218 231 237 241 249 263 280 290 317 332 352
#349	57 58 59 92 104 127 156 182 213 216 218 237 240 258 263 290 291 352
#350	57 58 59 63 92 104 127 156 182 213 216 218 219 231 237 240 258 263 290 291 352
#351	53 58 59 76 85 87 92 104 126 148 156 168 182 201 213 216 218 237 240 241 247 258 263 290 351 352
#352	15 53 58 59 70 76 85 87 91 92 104 126 148 156 168 182 213 216 218 231 237 240 241 247 249 263 264 280 285 289 290 317 332 351 352
#353	85 87 92 94 104 148 156 168 182 213 216 218 237 240 241 247 259 263 269 285 289 290 347 351
#354	63 85 87 92 94 104 148 156 168 182 213 216 218 237 240 241 247 259 263 269 285 289 290 347 351
#355	58 59 92 94 104 148 156 168 182 213 216 218 237 240 241 247 259 263 269 285 289 290 347
#356	58 59 63 70 89 92 94 104 148 156 168 182 213 216 218 237 240 241 247 249 259 263 264 269 285 289 290 317 347
#357	15 19 46 63 70 76 89 92 104 148 156 182 202 211 213 216 218 219 237 241 249 263 290 331 332
#358	92 94 104 113 115 148 156 182 213 216 218 219 237 240 241 247 259 263 269 285 289 290 347 351
#359	15 53 58 59 63 70 85 87 92 104 126 148 156 168 182 201 213 216 218 231 237 240 241 247 249 258 259 263 269 289 290 332 347 351 352
#361	58 59 92 104 113 148 156 182 213 216 218 219 237 240 247 258 263 290 352
#362	58 59 63 89 92 104 113 148 156 182 213 216 218 219 237 240 247 258 259 263 269 290 352
#363	57 58 59 70 89 92 104 127 156 182 213 216 218 231 237 240 249 258 263 290 291 317 352
#364	46 57 58 59 70 89 92 104 127 156 182 213 216 218 231 237 240 249 258 263 290 291 317 352
#365	46 57 58 59 63 70 89 92 104 127 156 182 213 216 218 231 237 240 249 258 263 290 291 317 352
#366	57 58 59 92 104 127 156 182 213 216 218 237 240 258 263 290 291 352
#367	57 58 59 63 92 104 127 156 182 213 216 218 237 240 258 263 289 290 291 317 352
#368	57 58 59 63 92 94 104 127 156 182 213 216 218 219 237 240 247 258 263 290 291 352
#369	57 58 59 63 89 92 104 127 156 182 201 213 216 218 219 237 240 249 258 263 290 291 317 347 352
#370	57 58 59 92 104 127 156 182 213 216 218 219 237 240 258 263 290 291 352
#371	15 46 53 70 92 104 126 156 182 213 216 218 237 240 241 249 263 280 290 317 332 337
#372	15 46 53 70 92 104 126 156 182 213 216 218 237 240 241 249 263 280 290 317 332 337
#373	15 19 46 53 63 70 89 92 104 126 156 182 211 213 216 218 231 237 240 241 249 263 280 290 317 332 337
#375	15 63 70 89 92 94 104 113 115 148 156 182 188 201 216 218 237 240 241 247 249 263 280 290 317 332
#376	15 63 70 89 92 94 104 113 115 148 156 182 188 201 216 218 237 240 241 247 249 263 280 290 317 332
#377	63 70 85 87 89 91 92 104 156 182 201 216 218 219 237 241 249 263 264 280 290 317 351
#378	58 59 63 70 85 87 89 92 104 156 182 216 218 219 237 240 249 258 263 264 280 290 351
#379	63 70 85 87 89 92 104 156 182 201 216 218 219 237 240 241 249 263 264 280 290 317 332 351
#380	15 19 46 57 58 63 76 85 87 89 92 94 104 113 115 127 148 156 182 201 211 213 216 218 219 237 240 241 247 263 290 291 332 337 347 351 352
#381	15 19 46 57 58 63 76 85 87 89 92 94 104 113 115 127 148 156 182 201 211 213 216 218 219 237 240 241 247 263 290 291 332 337 347 351 352
#382	46 57 58 59 63 70 85 87 89 92 104 127 156 182 216 218 219 237 240 249 258 263 280 290 291 317 347 351 352
#383	15 46 53 63 70 76 85 87 89 91 92 104 126 156 182 201 216 218 219 231 237 241 249 263 280 290 315 317 332 337 339 351
#384	19 46 53 57 58 59 63 70 76 85 87 89 92 104 126 127 156 182 201 216 218 231 237 240 241 249 263 280 290 291 315 332 337 339 351 352
#385	63 85 87 92 94 104 113 115 148 156 182 201 216 218 219 237 240 241 247 263 285 290 332 347 351 352
#10001	15 58 63 70 76 85 87 92 94 104 113 115 148 156 182 216 218 219 237 240 241 247 249 259 263 264 269 280 285 289 290 317 332 347 351 352
#386-2	15 58 63 70 76 85 87 92 94 104 113 115 148 156 182 216 218 219 237 240 241 247 249 259 263 264 269 280 285 289 290 317 332 347 351 352
#351-1	53 58 59 76 85 87 92 104 126 148 156 168 182 201 213 216 218 237 240 241 247 258 263 290 351 352
#351-2	53 58 59 76 85 87 92 104 126 148 156 168 182 201 213 216 218 237 240 241 247 258 263 290 351 352
#351-3	53 58 59 76 85 87 92 104 126 148 156 168 182 201 213 216 218 237 240 241 247 258 263 290 351 352
