#001	14 34 38 102 164
#002	14 34 38 102 164
#003	14 34 38 102 164 338
#004	5 14 25 34 38 68 69 102 157 164
#005	5 14 25 34 38 68 69 102 157 164
#006	5 14 25 34 38 68 69 102 157 164 307
#007	5 25 34 38 68 69 102 164
#008	5 25 34 38 68 69 102 164
#009	5 25 34 38 68 69 102 164 308
#012	38 102 138 164
#015	14 38 102 164
#016	38 102 164
#017	38 102 164
#018	38 102 164
#019	34 38 68 86 102 164
#020	34 38 68 86 102 164
#021	38 102 164
#022	38 102 164
#023	34 38 102 157 164
#024	34 38 102 157 164
#025	5 25 34 38 68 69 86 102 164
#026	5 25 34 38 68 69 86 102 164
#027	14 34 38 68 69 102 157 164
#028	14 34 38 68 69 102 157 164
#029	34 38 68 102 164
#030	34 38 68 102 164
#031	5 25 34 38 68 69 102 157 164
#032	34 38 68 102 164
#033	34 38 68 102 164
#034	5 25 34 38 68 69 102 157 164
#035	5 25 34 38 68 69 86 102 118 135 138 164
#036	5 25 34 38 68 69 86 102 118 135 138 164
#037	34 38 102 164
#038	34 38 102 164
#039	5 25 34 38 68 69 86 102 138 164
#040	5 25 34 38 68 69 86 102 138 164
#041	38 102 164
#042	38 102 164
#043	14 38 102 164
#044	14 38 102 164
#045	14 34 38 102 164
#046	14 34 38 68 102 164
#047	14 34 38 68 102 164
#048	38 102 164
#049	38 102 164
#050	34 38 102 157 164
#051	34 38 102 157 164
#052	34 38 102 138 164
#053	34 38 102 138 164
#054	5 25 34 38 68 69 102 164
#055	5 25 34 38 68 69 102 164
#056	5 25 34 38 68 69 102 118 157 164
#057	5 25 34 38 68 69 102 118 157 164
#058	34 38 102 164
#059	34 38 102 164
#060	34 38 102 164
#061	5 25 34 38 68 69 102 118 164
#062	5 25 34 38 68 69 102 118 164
#063	5 25 34 38 68 69 86 102 118 138 164
#064	5 25 34 38 68 69 86 102 118 138 164
#065	5 25 34 38 68 69 86 102 118 138 164
#066	5 25 34 38 68 69 102 118 157 164
#067	5 25 34 38 68 69 102 118 157 164
#068	5 25 34 38 68 69 102 118 157 164
#069	14 38 102 164
#070	14 38 102 164
#071	14 34 38 102 164
#072	14 38 102 164
#073	14 38 102 164
#074	5 34 38 68 69 102 118 153 157 164
#075	5 34 38 68 69 102 118 153 157 164
#076	5 25 34 38 68 69 102 118 153 157 164
#077	34 38 102 164
#078	34 38 102 164
#079	34 38 86 102 138 164
#080	5 25 34 38 68 69 86 102 138 164
#081	38 86 102 164
#082	38 86 102 164
#083	14 34 38 102 164
#084	34 38 102 164
#085	34 38 102 164
#086	34 38 102 164
#087	34 38 102 164
#088	34 102 153 164
#089	34 102 153 164
#090	38 102 153 164
#091	38 102 153 164
#092	102 138 153 164
#093	102 138 153 164
#094	5 25 34 38 68 69 102 118 138 153 164
#095	34 38 102 153 157 164
#096	5 25 34 38 68 69 86 102 118 138 164
#097	5 25 34 38 68 69 86 102 118 138 164
#098	14 34 38 102 164
#099	14 34 38 102 164
#100	86 102 153 164
#101	86 102 153 164
#102	38 102 138 153 164
#103	38 102 138 153 164
#104	5 14 25 34 38 68 69 102 157 164
#105	5 14 25 34 38 68 69 102 157 164
#106	5 25 34 38 68 69 102 118 157 164
#107	5 25 34 38 68 69 102 118 157 164
#108	5 14 25 34 38 68 69 102 138 157 164
#109	102 153 164
#110	102 153 164
#111	14 34 38 68 102 157 164
#112	5 14 25 34 38 68 69 102 157 164
#113	5 25 34 38 68 69 86 102 118 135 138 164
#114	14 34 38 102 164
#115	5 25 34 38 68 69 102 157 164
#116	38 102 164
#117	38 102 164
#118	38 102 164
#119	38 102 164
#120	38 86 102 164
#121	38 86 102 138 164
#122	5 25 34 38 68 69 86 102 118 138 164
#123	14 38 68 102 164
#124	5 25 34 38 68 69 102 118 138 164
#125	5 25 34 38 68 69 86 102 164
#126	5 25 34 38 68 69 102 164
#127	14 34 38 69 102 157 164
#128	34 38 102 164
#130	34 38 86 102 164
#131	34 38 102 138 164
#133	34 38 102 164
#134	34 38 102 164
#135	34 38 86 102 164
#136	34 38 102 164
#137	38 86 102 138 164
#138	34 38 102 157 164
#139	34 38 69 102 157 164
#140	34 38 102 157 164
#141	14 25 34 38 69 102 157 164
#142	38 102 157 164
#143	5 25 34 38 68 69 102 118 157 164
#144	38 102 164
#145	38 86 102 164
#146	38 102 164
#147	34 38 86 102 164
#148	34 38 86 102 164
#149	34 38 86 102 164
#150	5 25 34 38 68 69 86 102 118 138 164
#151	5 14 25 34 38 68 69 86 102 118 135 138 153 157 164
#152	14 34 38 68 102 164
#153	14 34 38 68 102 164
#154	14 34 38 68 102 164
#155	34 38 102 164
#156	34 38 102 164
#157	5 25 34 38 68 69 102 157 164
#158	5 14 25 34 38 68 69 102 157 164
#159	5 14 25 34 38 68 69 102 157 164
#160	5 14 25 34 38 68 69 102 157 164
#161	34 38 102 164
#162	34 38 102 164
#163	38 102 138 164
#164	38 102 138 164
#165	5 14 38 102 164
#166	5 14 38 102 164
#167	34 38 102 164
#168	34 38 102 164
#169	38 102 164
#170	38 86 102 164
#171	38 86 102 164
#172	5 25 34 38 68 69 86 102 164
#173	5 25 34 38 68 69 86 102 118 135 138 164
#174	5 25 34 38 68 69 86 102 138 164
#175	5 25 34 38 68 69 86 102 118 135 138 164
#176	5 25 34 38 68 69 86 102 118 135 138 164
#177	38 86 102 138 164
#178	38 86 102 138 164
#179	34 38 86 102 164
#180	5 25 34 38 68 69 86 102 164
#181	5 25 34 38 68 69 86 102 164
#182	14 38 102 164
#183	5 25 34 38 69 102 164
#184	5 25 34 38 69 102 164
#185	5 25 34 38 68 69 102 153 157 164
#186	5 25 34 38 68 69 102 118 164
#187	14 38 102 164
#188	14 38 102 164
#189	14 38 102 164
#190	5 25 34 38 68 69 86 102 118 138 164
#191	14 38 102 164
#192	14 38 102 164
#193	38 102 138 164
#194	34 38 102 164
#195	5 25 34 38 68 69 102 164
#196	34 38 102 138 164
#197	34 38 102 138 164
#198	38 86 102 138 164
#199	5 25 34 38 68 69 86 102 138 164
#200	38 86 102 138 164
#203	34 38 86 102 138 164
#204	34 38 68 102 153 157 164
#205	34 38 68 102 153 157 164
#206	34 38 68 86 102 138 157 164
#207	14 38 68 102 138 157 164
#208	34 38 102 153 157 164
#209	5 25 34 38 68 69 86 102 118 164
#210	5 25 34 38 68 69 86 102 118 157 164
#211	14 38 86 102 164
#212	14 38 68 102 164
#213	34 38 102 157 164
#214	14 34 38 68 69 102 157 164
#215	14 38 68 102 138 164
#216	5 14 25 34 38 68 69 102 118 164
#217	5 14 25 34 38 68 69 102 118 157 164
#218	34 38 102 157 164
#219	34 38 102 157 164
#220	34 38 102 157 164
#221	34 38 102 157 164
#222	34 38 102 153 157 164
#223	38 86 102 164
#224	38 69 86 102 164
#225	5 25 34 38 68 69 102 164
#226	34 38 102 164
#227	38 68 102 157 164
#228	34 38 68 102 138 164
#229	34 38 68 102 138 164
#230	34 38 102 164
#231	34 38 68 102 164
#232	34 38 68 102 157 164
#233	38 86 102 138 164
#234	34 38 86 102 138 164
#236	25 34 38 68 69 102 157 164
#237	25 34 38 68 69 102 157 164
#238	5 25 34 38 68 69 102 118 138 164
#239	5 25 34 38 68 69 86 102 164
#240	5 25 34 38 68 69 102 164
#241	5 25 34 38 68 69 86 102 118 157 164
#242	5 25 34 38 68 69 86 102 118 135 138 164
#243	34 38 86 102 164
#244	34 38 102 164
#245	34 38 102 164
#246	34 38 102 157 164
#247	34 38 102 157 164
#248	5 25 34 38 68 69 86 102 157 164
#249	34 38 86 102 138 164
#250	38 86 102 138 164
#251	14 38 102 118 138 164
#252	5 14 25 34 38 68 69 102 164
#253	5 14 25 34 38 68 69 102 164
#254	5 14 25 34 38 68 69 102 164
#255	5 14 25 34 38 68 69 102 157 164
#256	5 14 25 34 38 68 69 102 157 164
#257	5 14 25 34 38 68 69 102 157 164
#258	34 38 102 164
#259	5 25 34 38 68 69 102 157 164
#260	5 25 34 38 68 69 102 157 164
#261	34 38 68 102 164
#262	34 38 68 102 164
#263	34 38 86 102 164
#264	34 38 86 102 164
#267	38 102 164
#269	38 102 164
#270	14 34 38 102 164
#271	14 34 38 102 164
#272	5 14 25 34 38 68 69 102 118 164
#273	14 34 38 102 153 164
#274	14 25 34 38 102 153 164
#275	14 25 34 38 102 153 164
#276	38 68 102 164
#277	38 68 102 164
#278	38 102 164
#279	38 102 164
#280	34 38 86 102 138 164
#281	34 38 86 102 138 164
#282	34 38 86 102 138 164
#283	38 102 164
#284	38 102 164
#285	14 34 38 102 164
#286	5 14 25 34 38 68 69 102 164
#287	5 25 34 38 68 69 102 157 164
#288	5 25 34 38 68 69 102 157 164
#289	5 25 34 38 68 69 102 157 164
#290	38 102 164
#291	14 38 102 164
#292	38 102 138 164
#293	5 25 34 38 68 69 102 164
#294	5 25 34 38 68 69 102 157 164
#295	5 25 34 38 68 69 102 157 164
#296	5 25 34 38 68 69 102 118 157 164
#297	5 25 34 38 68 69 102 118 157 164
#298	34 38 102 164
#299	34 38 86 102 153 157 164
#300	34 38 86 102 138 164
#301	34 38 86 102 138 164
#302	5 25 34 38 68 69 102 118 138 164
#303	5 14 25 34 38 68 69 102 157 164
#304	34 38 102 157 164
#305	34 38 102 157 164
#306	5 25 34 38 68 69 86 102 157 164
#307	5 25 34 38 68 69 102 118 138 164
#308	5 25 34 38 68 69 102 118 138 157 164
#309	34 38 86 102 164
#310	34 38 86 102 164
#311	5 25 34 38 68 69 86 102 118 164
#312	5 25 34 38 68 69 86 102 118 164
#313	5 25 34 38 68 69 86 102 118 164
#314	5 25 34 38 68 69 86 102 118 164
#315	14 34 38 102 164
#316	34 38 68 102 138 153 164
#317	34 38 68 102 138 153 164
#318	38 102 164
#319	38 102 164
#320	34 38 102 164
#321	34 38 102 164
#322	34 38 102 157 164
#323	34 38 102 153 157 164
#324	34 38 102 153 157 164
#325	34 38 102 138 164
#326	5 25 34 38 68 69 102 138 164
#327	5 25 34 38 68 69 102 118 138 157 164
#328	34 38 102 157 164
#329	34 38 102 157 164
#330	34 38 102 157 164
#331	5 14 34 38 68 69 102 164
#332	5 14 25 34 38 68 69 102 164
#333	34 38 102 138 164
#334	34 38 102 138 164
#335	5 14 25 34 38 68 69 86 102 157 164
#336	34 38 102 164
#337	34 38 102 138 153 157 164
#338	34 38 102 138 153 157 164
#339	38 102 164
#340	38 102 157 164
#341	14 34 38 68 102 164
#342	14 34 38 68 102 164
#343	38 102 138 153 157 164
#344	38 102 138 153 157 164
#345	34 38 102 157 164
#346	34 38 102 157 164
#347	14 34 38 102 157 164
#348	14 34 38 69 102 157 164
#349	38 102 164
#350	34 38 102 164
#351	34 38 86 102 164
#352	5 25 34 38 68 69 86 102 118 157 164
#353	34 38 86 102 138 164
#354	34 38 86 102 118 138 164
#355	34 38 102 138 164
#356	5 25 34 38 68 69 102 118 138 157 164
#357	14 34 38 102 164
#358	38 102 138 164
#359	14 34 38 68 86 102 138 157 164
#361	34 38 102 164
#362	34 38 102 153 164
#363	34 38 102 157 164
#364	34 38 102 157 164
#365	34 38 102 157 164
#366	34 38 102 164
#367	34 38 102 164
#368	34 38 102 164
#369	34 38 102 157 164
#370	38 102 164
#371	34 38 102 157 164
#372	34 38 102 157 164
#373	34 38 102 157 164
#375	34 38 102 153 157 164
#376	34 38 102 153 157 164
#377	5 25 34 38 68 69 86 102 153 157 164
#378	5 25 34 38 68 69 86 102 153 157 164
#379	5 25 34 38 68 69 86 102 153 157 164
#380	34 38 86 102 138 164
#381	34 38 86 102 138 164
#382	34 38 86 102 157 164
#383	5 14 25 34 38 68 69 86 102 157 164
#384	34 38 86 102 157 164
#385	34 38 86 102 118 138 164
#10001	5 25 34 38 68 69 86 102 138 157 164
#386-2	5 25 34 38 68 69 86 102 138 157 164
#351-1	34 38 86 102 164
#351-2	34 38 86 102 164
#351-3	34 38 86 102 164
