#001	14 34 38 102 111 164 173 189 203 207 210 214
#002	14 34 38 102 111 164 173 189 203 207 210 214
#003	14 34 38 102 111 164 173 189 203 207 210 214
#004	5 7 14 25 34 38 68 69 102 111 129 157 164 173 189 203 207 210 214 223
#005	5 7 14 25 34 38 68 69 102 111 129 157 164 173 189 203 207 210 214 223
#006	5 7 14 25 34 38 68 69 102 111 129 157 164 173 189 203 207 210 214 223
#007	5 8 25 34 38 68 69 102 111 164 173 189 196 203 205 207 214 223
#008	5 8 25 34 38 68 69 102 111 164 173 189 196 203 205 207 214 223
#009	5 8 25 34 38 68 69 102 111 164 173 189 196 203 205 207 214 223
#012	38 102 129 138 164 173 203 207 214
#015	14 38 102 129 164 173 203 207 210 214
#016	38 102 129 164 173 189 203 207 214
#017	38 102 129 164 173 189 203 207 214
#018	38 102 129 164 173 189 203 207 214
#019	34 38 68 86 102 111 129 164 173 189 196 203 207 214
#020	34 38 68 86 102 111 129 164 173 189 196 203 207 214
#021	38 102 129 164 173 189 203 207 214
#022	38 102 129 164 173 189 203 207 214
#023	34 38 102 157 164 173 203 207 214
#024	34 38 102 157 164 173 203 207 214
#025	5 9 25 34 38 68 69 86 102 111 129 164 173 189 203 205 207 214 223
#026	5 9 25 34 38 68 69 86 102 111 129 164 173 189 203 205 207 214 223
#027	14 34 38 68 69 102 111 129 157 164 173 189 203 205 207 210 214 223
#028	14 34 38 68 69 102 111 129 157 164 173 189 203 205 207 210 214 223
#029	34 38 68 102 111 164 173 189 203 207 214
#030	34 38 68 102 111 164 173 189 203 207 214
#031	5 7 8 9 25 34 38 68 69 102 111 157 164 173 189 196 203 207 210 214 223
#032	34 38 68 102 111 164 173 189 203 207 214
#033	34 38 68 102 111 164 173 189 203 207 214
#034	5 7 8 9 25 34 38 68 69 102 111 157 164 173 189 196 203 207 210 214 223
#035	5 7 8 9 25 34 38 68 69 86 102 111 118 135 138 164 173 189 203 205 207 214 223 244
#036	5 7 8 9 25 34 38 68 69 86 102 111 118 135 138 164 173 189 203 205 207 214 223 244
#037	34 38 102 129 164 173 203 207 214
#038	34 38 102 129 164 173 203 207 214
#039	5 7 8 9 25 34 38 68 69 86 102 111 138 164 173 189 203 205 207 214 223 244
#040	5 7 8 9 25 34 38 68 69 86 102 111 138 164 173 189 203 205 207 214 223 244
#041	38 102 129 164 173 203 207 214
#042	38 102 129 164 173 203 207 214
#043	14 38 102 164 173 203 207 214
#044	14 38 102 164 173 203 207 214
#045	14 34 38 102 164 173 203 207 214
#046	14 34 38 68 102 164 173 203 207 210 214
#047	14 34 38 68 102 164 173 203 207 210 214
#048	38 102 129 164 173 203 207 214
#049	38 102 129 164 173 203 207 214
#050	34 38 102 157 164 173 189 203 207 214
#051	34 38 102 157 164 173 189 203 207 214
#052	34 38 102 111 129 138 164 173 189 196 203 207 214 244
#053	34 38 102 111 129 138 164 173 189 196 203 207 214 244
#054	5 8 25 34 38 68 69 102 129 164 173 189 196 203 207 214 223 244
#055	5 8 25 34 38 68 69 102 129 164 173 189 196 203 207 210 214 223 244
#056	5 7 8 9 25 34 38 68 69 102 111 118 129 157 164 173 189 203 207 214 223 244
#057	5 7 8 9 25 34 38 68 69 102 111 118 129 157 164 173 189 203 207 214 223 244
#058	34 38 102 129 164 173 203 207 214
#059	34 38 102 129 164 173 203 207 214
#060	34 38 102 111 164 173 196 203 207 214
#061	5 8 25 34 38 68 69 102 111 118 164 173 189 196 203 207 214
#062	5 8 25 34 38 68 69 102 111 118 164 173 189 196 203 207 214 223
#063	5 7 8 9 25 34 38 68 69 86 102 118 138 164 173 203 207 214 223 244
#064	5 7 8 9 25 34 38 68 69 86 102 118 138 164 173 203 207 214 223 244
#065	5 7 8 9 25 34 38 68 69 86 102 118 138 164 173 203 207 214 223 244
#066	5 7 8 9 25 34 38 68 69 102 118 157 164 173 189 203 207 214 223
#067	5 7 8 9 25 34 38 68 69 102 118 157 164 173 189 203 207 214 223
#068	5 7 8 9 25 34 38 68 69 102 118 157 164 173 189 203 207 214 223
#069	14 38 102 164 173 203 207 214
#070	14 38 102 164 173 203 207 214
#071	14 34 38 102 164 173 203 207 214
#072	14 38 102 164 173 196 203 207 214
#073	14 38 102 164 173 196 203 207 214
#074	5 7 34 38 68 69 102 111 118 153 157 164 173 189 203 205 207 214 223
#075	5 7 34 38 68 69 102 111 118 153 157 164 173 189 203 205 207 214 223
#076	5 7 25 34 38 68 69 102 111 118 153 157 164 173 189 203 205 207 210 214 223
#077	34 38 102 129 164 173 203 207 214
#078	34 38 102 129 164 173 203 207 214
#079	34 38 86 102 129 138 164 173 189 196 203 207 214 244
#080	5 8 25 34 38 68 69 86 102 129 138 164 173 189 196 203 207 210 214 223 244
#081	38 86 102 129 164 173 203 205 207 214
#082	38 86 102 129 164 173 203 205 207 214
#083	14 34 38 102 129 164 173 189 203 207 214 244
#084	34 38 102 129 164 173 189 203 207 214
#085	34 38 102 129 164 173 189 203 207 214
#086	34 38 102 164 173 196 203 207 214
#087	34 38 102 164 173 196 203 207 214
#088	7 8 9 34 102 153 164 173 189 203 207 214 223
#089	7 8 9 34 102 153 164 173 189 203 207 214 223
#090	38 102 129 153 164 173 196 203 207 214
#091	38 102 129 153 164 173 196 203 207 214
#092	102 138 153 164 173 203 207 214 244
#093	102 138 153 164 173 203 207 214 244
#094	5 7 8 9 25 34 38 68 69 102 118 138 153 164 173 203 207 214 223 244
#095	34 38 102 153 157 164 173 189 203 207 214 244
#096	5 7 8 9 25 34 38 68 69 86 102 118 138 164 173 203 207 214 223 244
#097	5 7 8 9 25 34 38 68 69 86 102 118 138 164 173 203 207 214 223 244
#098	14 34 38 102 164 173 189 196 203 207 210 214
#099	14 34 38 102 164 173 189 196 203 207 210 214
#100	86 102 129 153 164 173 203 205 207 214
#101	86 102 129 153 164 173 203 205 207 214
#102	38 102 138 153 164 173 203 205 207 214 244
#103	38 102 138 153 164 173 203 205 207 214 244
#104	5 7 9 14 25 34 38 68 69 102 157 164 173 189 196 203 207 214 223
#105	5 7 9 14 25 34 38 68 69 102 157 164 173 189 196 203 207 214 223
#106	5 25 34 38 68 69 102 118 129 157 164 173 189 203 207 214 223
#107	5 7 8 9 25 34 38 68 69 102 118 129 157 164 173 189 203 207 214 223
#108	5 7 8 9 14 25 34 38 68 69 102 111 138 157 164 173 189 196 203 205 207 214 223 244
#109	102 153 164 173 203 205 207 214
#110	102 153 164 173 203 205 207 214
#111	14 34 38 68 102 157 164 173 189 196 203 205 207 214
#112	5 7 9 14 25 34 38 68 69 102 157 164 173 189 196 203 205 207 210 214 223
#113	5 25 34 38 68 69 86 102 111 118 135 138 164 173 189 196 203 205 207 214 223 244
#114	14 34 38 102 164 173 203 207 214 244
#115	5 7 8 9 25 34 38 68 69 102 157 164 173 189 196 203 207 210 214 223
#116	38 102 129 164 173 196 203 207 214
#117	38 102 129 164 173 196 203 207 214
#118	38 102 129 164 173 196 203 207 214
#119	38 102 129 164 173 196 203 207 214
#120	38 86 102 129 164 173 196 203 207 214 244
#121	38 86 102 129 138 164 173 196 203 207 214 244
#122	5 7 8 9 25 34 38 68 69 86 102 118 138 164 173 189 203 207 214 244
#123	14 38 68 102 129 164 173 203 207 210 214
#124	5 8 25 34 38 68 69 102 118 138 164 173 189 196 203 207 214 223 244
#125	5 7 8 9 25 34 38 68 69 86 102 129 164 173 189 203 207 214 223
#126	5 7 9 25 34 38 68 69 102 164 173 189 203 207 214 223
#127	14 34 38 69 102 157 164 173 203 207 210 214
#128	34 38 102 164 173 196 203 207 214
#130	34 38 86 102 164 173 196 203 207 214
#131	34 38 102 138 164 173 196 203 207 214
#133	34 38 102 129 164 173 189 203 207 214
#134	34 38 102 129 164 173 189 196 203 207 214
#135	34 38 86 102 129 164 173 189 203 207 214
#136	34 38 102 129 164 173 189 203 207 214
#137	38 86 102 129 138 164 173 196 203 207 214 244
#138	34 38 102 157 164 173 196 203 205 207 214
#139	34 38 69 102 157 164 173 196 203 205 207 214
#140	34 38 102 157 164 173 196 203 205 207 214
#141	14 25 34 38 69 102 157 164 173 196 203 205 207 210 214
#142	38 102 129 157 164 173 203 207 214
#143	5 7 8 9 25 34 38 68 69 102 111 118 157 164 173 189 196 203 205 207 214 223 244
#144	38 102 129 164 173 189 196 203 207 214
#145	38 86 102 129 164 173 189 203 207 214
#146	38 102 129 164 173 189 203 207 214
#147	34 38 86 102 129 164 173 196 203 207 214
#148	34 38 86 102 129 164 173 196 203 207 214
#149	7 8 9 34 38 86 102 129 164 173 189 196 203 207 210 214 223
#150	5 7 8 9 25 34 38 68 69 86 102 118 129 138 164 173 189 196 203 207 214 223 244
#151	5 7 8 9 14 25 34 38 68 69 86 102 111 118 129 135 138 153 157 164 173 189 196 203 205 207 210 214 223 244
#152	14 34 38 68 102 164 173 189 203 207 214
#153	14 34 38 68 102 164 173 189 203 207 210 214
#154	14 34 38 68 102 164 173 189 203 207 210 214
#155	34 38 102 111 129 164 173 189 203 205 207 214
#156	34 38 102 111 129 164 173 189 203 205 207 210 214
#157	5 7 9 25 34 38 68 69 102 111 129 157 164 173 189 203 205 207 210 214 223
#158	5 8 14 25 34 38 68 69 102 157 164 173 189 196 203 207 214 223
#159	5 8 14 25 34 38 68 69 102 157 164 173 189 196 203 207 210 214 223
#160	5 8 14 25 34 38 68 69 102 157 164 173 189 196 203 207 210 214 223
#161	7 8 9 34 38 102 111 129 164 173 189 203 205 207 210 214 223
#162	7 8 9 34 38 102 111 129 164 173 189 203 205 207 210 214 223
#163	38 102 129 138 164 173 189 203 207 214
#164	38 102 129 138 164 173 189 203 207 214
#165	5 8 9 14 38 102 129 164 173 203 205 207 214 223
#166	5 8 9 14 38 102 129 164 173 203 205 207 214 223
#167	34 38 102 164 173 203 207 214
#168	34 38 102 164 173 203 207 214
#169	38 102 129 164 173 203 207 214
#170	38 86 102 164 173 203 207 214
#171	38 86 102 164 173 203 207 214
#172	5 25 34 38 68 69 86 102 111 129 164 173 189 203 205 207 214
#173	5 25 34 38 68 69 86 102 111 118 135 138 164 173 189 196 203 205 207 214 244
#174	5 25 34 38 68 69 86 102 111 138 164 173 189 196 203 205 207 214 244
#175	5 25 34 38 68 69 86 102 111 118 129 135 138 164 173 189 203 205 207 214 244
#176	5 25 34 38 68 69 86 102 111 118 129 135 138 164 173 189 203 205 207 214 244
#177	38 86 102 129 138 164 173 203 207 214 244
#178	38 86 102 129 138 164 173 203 207 214 244
#179	34 38 86 102 111 129 164 173 203 207 214
#180	5 7 9 25 34 38 68 69 86 102 111 129 164 173 203 207 214 223
#181	5 7 9 25 34 38 68 69 86 102 111 129 164 173 203 207 214 223
#182	14 38 102 164 173 203 207 214
#183	5 8 25 34 38 69 102 111 129 164 173 189 196 203 205 207 214 223
#184	5 8 25 34 38 69 102 111 129 164 173 189 196 203 205 207 214 223
#185	5 7 8 9 25 34 38 68 69 102 111 153 157 164 173 189 203 205 207 214 223 244
#186	5 25 34 38 68 69 102 111 118 164 173 189 196 203 207 214 223
#187	14 38 102 111 164 173 203 207 214
#188	14 38 102 111 164 173 203 207 214
#189	14 38 102 111 164 173 203 207 214
#190	5 7 8 9 25 34 38 68 69 86 102 111 118 129 138 164 173 189 203 207 210 214 223
#191	14 38 102 164 173 203 207 214
#192	14 38 102 164 173 203 207 214
#193	38 102 129 138 164 173 203 207 214
#194	8 34 38 102 111 164 173 189 203 205 207 214 223
#195	5 8 25 34 38 68 69 102 111 164 173 189 203 205 207 214 223
#196	34 38 102 129 138 164 173 189 203 207 214 244
#197	34 38 102 129 138 164 173 189 203 207 214 244
#198	38 86 102 129 138 164 173 189 196 203 207 214 244
#199	5 8 25 34 38 68 69 86 102 129 138 164 173 189 196 203 207 210 214 223 244
#200	38 86 102 111 129 138 164 173 203 207 214 244
#203	34 38 86 102 129 138 164 173 189 203 207 214 244
#204	34 38 68 102 111 153 157 164 173 203 205 207 214
#205	34 38 68 102 111 153 157 164 173 203 205 207 214
#206	34 38 68 86 102 111 138 157 164 173 189 203 205 207 214 244
#207	14 38 68 102 129 138 157 164 173 203 207 210 214
#208	34 38 102 111 153 157 164 173 189 203 205 207 214
#209	5 7 8 9 25 34 38 68 69 86 102 111 118 164 173 189 203 207 214 223
#210	5 7 8 9 25 34 38 68 69 86 102 111 118 157 164 173 189 203 207 214 223
#211	14 38 86 102 111 129 164 173 196 203 205 207 214
#212	14 38 68 102 129 164 173 203 207 210 214
#213	34 38 102 111 157 164 173 189 203 205 207 214
#214	14 34 38 68 69 102 157 164 173 203 207 210 214
#215	8 14 38 68 102 111 129 138 164 173 189 196 203 207 210 214 223 244
#216	5 7 8 9 14 25 34 38 68 69 102 111 118 129 164 173 189 203 205 207 210 214 223
#217	5 7 8 9 14 25 34 38 68 69 102 111 118 129 157 164 173 189 203 205 207 210 214 223
#218	34 38 102 111 157 164 173 189 203 205 207 214
#219	34 38 102 111 157 164 173 189 203 205 207 214
#220	34 38 102 111 157 164 173 189 196 203 207 214
#221	34 38 102 111 157 164 173 189 196 203 207 214
#222	34 38 102 111 153 157 164 173 189 203 205 207 214
#223	38 86 102 111 129 164 173 189 203 207 214
#224	38 69 86 102 111 129 164 173 189 203 207 214
#225	5 25 34 38 68 69 102 129 164 173 189 196 203 207 214
#226	34 38 102 129 164 173 189 196 203 207 214
#227	38 68 102 129 157 164 173 189 203 207 214
#228	34 38 68 102 129 138 164 173 189 203 207 214
#229	34 38 68 102 129 138 164 173 189 203 207 214
#230	34 38 102 129 164 173 196 203 207 214
#231	34 38 68 102 111 164 173 189 203 205 207 214
#232	34 38 68 102 111 157 164 173 189 203 205 207 214
#233	38 86 102 111 129 138 164 173 196 203 207 214 244
#234	34 38 86 102 129 138 164 173 189 203 207 214 244
#236	25 34 38 68 69 102 129 157 164 173 189 203 207 214
#237	25 34 38 68 69 102 129 157 164 173 189 203 207 214
#238	5 8 25 34 38 68 69 102 118 138 164 173 189 196 203 207 214 223 244
#239	5 7 8 9 25 34 38 68 69 86 102 129 164 173 189 203 207 214 223
#240	5 7 9 25 34 38 68 69 102 164 173 189 203 207 214 223
#241	5 7 8 9 25 34 38 68 69 86 102 111 118 157 164 173 189 196 203 205 207 214 223 244
#242	5 25 34 38 68 69 86 102 111 118 135 138 164 173 189 196 203 205 207 214 223
#243	34 38 86 102 129 164 173 189 203 207 214 244
#244	34 38 102 129 164 173 189 203 207 214 244
#245	34 38 102 129 164 173 189 196 203 207 214 244
#246	34 38 102 157 164 173 189 203 207 214
#247	34 38 102 157 164 173 189 203 207 214
#248	5 7 25 34 38 68 69 86 102 157 164 173 189 203 207 210 214 223
#249	34 38 86 102 129 138 164 173 189 196 203 207 214 244
#250	38 86 102 129 138 164 173 189 203 207 214 244
#251	14 38 102 111 118 129 138 164 173 189 203 207 214 244
#252	5 9 14 25 34 38 68 69 102 129 164 173 189 203 207 210 214 223
#253	5 9 14 25 34 38 68 69 102 129 164 173 189 203 207 210 214 223
#254	5 9 14 25 34 38 68 69 102 129 164 173 189 203 207 210 214 223
#255	5 14 25 34 38 68 69 102 129 157 164 173 189 203 207 214
#256	5 7 9 14 25 34 38 68 69 102 129 157 164 173 189 203 207 210 214 223
#257	5 7 9 14 25 34 38 68 69 102 129 157 164 173 189 203 207 210 214 223
#258	34 38 102 111 164 173 189 196 203 205 207 214
#259	5 8 25 34 38 68 69 102 111 157 164 173 189 196 203 205 207 214 223
#260	5 8 25 34 38 68 69 102 111 157 164 173 189 196 203 205 207 214 223
#261	34 38 68 102 164 173 189 203 207 214 244
#262	34 38 68 102 164 173 189 203 207 214 244
#263	34 38 86 102 111 129 164 173 189 196 203 205 207 210 214
#264	34 38 86 102 111 129 164 173 189 196 203 205 207 210 214
#267	38 102 129 164 173 203 207 214
#269	38 102 129 164 173 203 207 214
#270	14 34 38 102 164 173 196 203 207 214
#271	7 8 9 14 34 38 102 164 173 189 196 203 207 214 223
#272	5 7 8 9 14 25 34 38 68 69 102 118 164 173 189 196 203 207 214 223
#273	14 34 38 102 111 153 164 173 203 205 207 214
#274	14 25 34 38 102 111 129 153 164 173 189 203 205 207 210 214 244
#275	14 25 34 38 102 111 129 153 164 173 189 203 205 207 210 214 244
#276	38 68 102 129 164 173 189 203 207 214
#277	38 68 102 129 164 173 189 203 207 214
#278	38 102 129 164 173 189 196 203 207 214
#279	38 102 129 164 173 189 196 203 207 214
#280	7 8 9 34 38 86 102 111 138 164 173 189 196 203 207 214 244
#281	7 8 9 34 38 86 102 111 138 164 173 189 196 203 207 214 244
#282	7 8 9 34 38 86 102 111 138 164 173 189 196 203 207 214 244
#283	38 102 129 164 173 196 203 207 214 244
#284	38 102 129 164 173 196 203 207 214 244
#285	14 34 38 102 164 173 203 207 214
#286	5 9 14 25 34 38 68 69 102 164 173 189 203 207 210 214 223
#287	5 7 8 9 25 34 38 68 69 102 157 164 173 189 196 203 207 210 214 223
#288	5 7 8 9 25 34 38 68 69 102 157 164 173 189 196 203 207 210 214 223
#289	5 7 8 9 25 34 38 68 69 102 157 164 173 189 196 203 207 210 214 223
#290	38 102 164 173 189 203 207 210 214
#291	14 38 102 129 164 173 189 203 207 210 214
#292	38 102 138 164 173 189 203 207 210 214
#293	5 7 8 9 25 34 38 68 69 102 111 164 173 189 196 203 205 207 214 223 244
#294	5 7 8 9 25 34 38 68 69 102 111 157 164 173 189 196 203 205 207 214 223 244
#295	5 7 8 9 25 34 38 68 69 102 111 157 164 173 189 196 203 205 207 214 223 244
#296	5 7 8 9 25 34 38 68 69 102 118 157 164 173 189 203 207 214 223
#297	5 7 8 9 25 34 38 68 69 102 118 157 164 173 189 203 207 214 223
#298	34 38 102 111 129 164 173 189 196 203 205 207 214
#299	7 8 9 34 38 86 102 111 153 157 164 173 189 203 205 207 214 223
#300	34 38 86 102 111 129 138 164 173 189 196 203 205 207 214 244
#301	34 38 86 102 111 129 138 164 173 189 196 203 205 207 214 244
#302	5 7 8 9 25 34 38 68 69 102 118 138 164 173 189 203 207 210 214 223 244
#303	5 8 9 14 25 34 38 68 69 102 157 164 173 189 196 203 207 214 223 244
#304	34 38 102 111 157 164 173 189 203 205 207 210 214
#305	34 38 102 111 157 164 173 189 203 205 207 210 214
#306	5 7 8 9 25 34 38 68 69 86 102 111 157 164 173 189 196 203 205 207 210 214 223
#307	5 7 8 9 25 34 38 68 69 102 118 129 138 164 173 189 203 207 214 223 244
#308	5 7 8 9 25 34 38 68 69 102 118 129 138 157 164 173 189 203 207 214 223 244
#309	34 38 86 102 129 164 173 189 203 207 214
#310	34 38 86 102 129 164 173 189 203 207 214
#311	5 9 25 34 38 68 69 86 102 111 118 129 164 173 189 203 205 207 214 223
#312	5 9 25 34 38 68 69 86 102 111 118 129 164 173 189 203 205 207 214 223
#313	5 8 9 25 34 38 68 69 86 102 118 129 164 173 189 203 207 214 223 244
#314	5 8 9 25 34 38 68 69 86 102 118 129 164 173 189 203 207 214 223 244
#315	14 34 38 102 129 164 173 189 203 207 210 214 244
#316	7 8 9 34 38 68 102 111 138 153 164 173 189 203 205 207 214 223
#317	7 8 9 34 38 68 102 111 138 153 164 173 189 203 205 207 214 223
#318	38 102 129 164 173 189 196 203 207 210 214
#319	38 102 129 164 173 189 196 203 207 210 214
#320	34 38 102 111 164 173 196 203 205 207 214
#321	34 38 102 111 164 173 196 203 205 207 214
#322	34 38 102 111 157 164 173 189 203 205 207 214
#323	34 38 102 111 153 157 164 173 189 203 205 207 214
#324	34 38 102 153 157 164 173 189 203 207 214
#325	34 38 102 129 138 164 173 196 203 207 214 244
#326	5 7 8 9 25 34 38 68 69 102 129 138 164 173 189 196 203 207 214 223 244
#327	5 7 8 9 25 34 38 68 69 102 111 118 129 138 157 164 173 189 196 203 205 207 214 223 244
#328	34 38 102 157 164 173 189 203 207 214
#329	34 38 102 129 157 164 173 189 203 207 214
#330	7 34 38 102 129 157 164 173 189 203 207 210 214
#331	5 9 14 34 38 68 69 102 164 173 189 203 207 210 214 223
#332	5 9 14 25 34 38 68 69 102 164 173 189 203 207 210 214 223
#333	34 38 102 129 138 164 173 189 203 207 214 244
#334	34 38 102 129 138 164 173 189 203 207 214 244
#335	5 7 8 9 14 25 34 38 68 69 86 102 111 129 157 164 173 189 196 203 205 207 210 214 223
#336	34 38 102 129 164 173 189 203 207 210 214
#337	34 38 102 111 129 138 153 157 164 173 203 205 207 214 244
#338	34 38 102 111 129 138 153 157 164 173 203 205 207 214 244
#339	38 102 164 173 189 196 203 207 214
#340	38 102 157 164 173 189 196 203 207 214
#341	14 34 38 68 102 164 173 189 196 203 207 210 214
#342	14 34 38 68 102 129 164 173 189 196 203 207 210 214
#343	38 102 138 153 157 164 173 189 203 207 214 244
#344	38 102 138 153 157 164 173 189 203 207 214 244
#345	34 38 102 157 164 173 189 203 207 214 244
#346	34 38 102 157 164 173 189 203 207 214 244
#347	14 34 38 102 157 164 173 189 203 207 210 214
#348	14 34 38 69 102 157 164 173 189 203 207 210 214
#349	38 102 129 164 173 196 203 207 214
#350	34 38 102 129 164 173 189 196 203 207 214 244
#351	34 38 86 102 111 129 164 173 196 203 207 214 244
#352	5 7 8 9 25 34 38 68 69 86 102 111 118 129 157 164 173 189 196 203 205 207 210 214 223 244
#353	34 38 86 102 138 164 173 196 203 207 214 244
#354	34 38 86 102 118 138 164 173 189 196 203 207 214 244
#355	34 38 102 138 164 173 196 203 207 214 244
#356	5 7 8 9 25 34 38 68 69 102 118 138 157 164 173 189 196 203 207 214 223 244
#357	14 34 38 102 164 173 189 203 207 210 214
#358	38 102 111 138 164 173 196 203 205 207 214 244
#359	14 34 38 68 86 102 129 138 157 164 173 189 196 203 207 210 214 244
#361	34 38 102 164 173 196 203 207 214
#362	34 38 102 111 153 164 173 196 203 205 207 214
#363	34 38 102 111 157 164 173 189 196 203 205 207 214
#364	34 38 102 111 157 164 173 189 196 203 205 207 214
#365	34 38 102 111 157 164 173 189 196 203 205 207 214
#366	34 38 102 164 173 196 203 207 214
#367	34 38 102 129 164 173 189 196 203 207 214
#368	34 38 102 129 164 173 189 196 203 207 214
#369	34 38 102 157 164 173 189 196 203 207 214 244
#370	38 102 129 164 173 196 203 207 214 244
#371	34 38 102 157 164 173 189 203 207 210 214
#372	34 38 102 111 157 164 173 189 203 205 207 210 214
#373	34 38 102 111 129 157 164 173 189 203 205 207 210 214
#375	8 9 34 38 102 111 129 153 157 164 173 189 196 203 205 207 210 214 223 244
#376	8 9 34 38 102 111 129 153 157 164 173 189 196 203 205 207 210 214 223 244
#377	5 7 8 9 25 34 38 68 69 86 102 111 153 157 164 173 189 203 205 207 214 223 244
#378	5 8 9 25 34 38 68 69 86 102 111 153 157 164 173 189 196 203 205 207 214 223 244
#379	5 8 9 25 34 38 68 69 86 102 111 153 157 164 173 189 203 205 207 214 223 244
#380	34 38 86 102 129 138 164 173 189 196 203 207 210 214 244
#381	34 38 86 102 129 138 164 173 189 196 203 207 210 214 244
#382	34 38 86 102 111 129 157 164 173 189 196 203 207 214 244
#383	5 7 9 14 25 34 38 68 69 86 102 111 129 157 164 173 189 203 205 207 210 214 223 244
#384	34 38 86 102 129 157 164 173 189 196 203 207 210 214 244
#385	7 8 9 34 38 86 102 111 118 129 138 164 173 189 196 203 207 214 223 244
#386-3	5 7 8 9 25 34 38 68 69 86 102 129 138 157 164 173 189 196 203 207 214 223 244
#351-1	34 38 86 102 111 129 164 173 196 203 207 214 244
#351-2	34 38 86 102 111 129 164 173 196 203 207 214 244
#351-3	34 38 86 102 111 129 164 173 196 203 207 214 244
