#001	80 113 130 174 204 219 320 345
#004	14 44 157 187 200 246 251 349
#007	54 114 175 193 243 281 287 300
#016	185 193 211 228 314
#019	44 68 103 154 172 179 207 253
#021	98 143 161 184 185 206 310
#023	21 180 228 251 305
#027	14 68 157 175 219 229 232 306
#029	36 48 50 68 116 204 251
#032	36 48 50 68 93 133 251
#037	50 95 175 180 185 244 257 336
#041	16 18 98 174 185 228
#043	14 75 175 204 235 275
#046	60 68 103 113 175 206 228 230
#048	103 202 226 324
#050	103 157 185 228 246 251 253
#052	95 133 180 204 244 274
#054	60 94 95 113 193 238 248 287
#056	68 96 157 179 193 251 265 279
#058	34 37 83 219 242 257 336
#060	54 61 114 150 170 301 346
#063	7 8 9 112 227 282
#066	27 68 96 113 157 227 265
#069	14 115 141 227 235 275 345
#072	62 109 114 219 229 243
#074	5 157 335
#077	24 37 38 95 172 204
#079	23 173 187 214 219 248 300
#083	16 98 119 174 175 193 211 297
#084	48 98 114 175 185 283
#086	21 32 50 122 195 227 252 333
#088	114 122 153 174 212 286 325
#090	36 61 103 112 229 333
#092	114 149 153 195 261 288 310
#095	153 157 175 335
#096	7 8 9 112 272 274
#098	14 21 91 114 133 175 282
#102	115 174 235 236 244 246 275
#104	14 103 130 157 187 195 246
#108	34 164 173 174 187 214 222 265
#109	60 103 149 194 220 261
#111	14 68 157 174 179 222 242 306
#113	118 164 215 217 312
#114	72 73 93 115 133 175 267
#115	23 50 68 116 164 193 219 306
#116	50 62 82 150 175 190 225
#118	56 60 114 214 300
#122	95 102 244 248 252 271
#123	13 68 113 179 203 219 226 318
#127	31 175 185 206
#131	32 164 174 193 214 287 321 349
#133	174 175 203 204 273 321
#138	21 48 61 62 114 157 191
#140	61 62 91 109 175 229 282
#142	18 174 193 211 225 228
#143	38 90 122 164 174 204
#147	48 54 113 114 225 349
#152	22 68 73 175 246 267 275 320
#155	37 98 154 179 193 306 336 343
#158	37 56 157 242 246 300 337 346
#161	38 116 163 164 179 228 271 274
#163	17 18 48 119 143 185 297
#165	60 117 318
#167	49 50 60 226 228 324
#170	103 133 175
#172	3 117 179 217 227 268 273 344
#173	102 118 133 150 164 187 217 273
#174	185 195 217 273 313
#175	64 119 164 193 217 244 248
#177	65 98 114 185 211 244 287 297
#179	34 36 103 115 219 268 316
#183	48 113 133 164 187 195 217 248
#185	120
#187	38 93 115 133 227 244 270
#190	3 21 68 97 103 180 228 251
#191	73 174 227 267 270 320
#193	18 141 179 318 324
#194	34 174 219 246 254 255 256 300
#198	17 18 65 109 119 143 195 297
#200	103 194 244 286
#203	36 133 193 244 248 251 273 277
#204	42 68 115 129 175 328
#206	29 44 117 157 174 246 310
#207	13 17 68 232 328
#209	115 118 173 185 215 217 242 265
#211	48 61 114 175 310
#213	230
#214	106 117 175 206
#215	44 68 115 180 193 252 306
#216	36 68 69 214 232 242 281 313
#218	151 257
#220	34 36 38 44 157 246 333 341
#222	54 103 109 112 133 157 275 333
#223	48 62 86 103 114 190 350
#225	62 98 150 229 248 301
#226	21 56 114 157 239 300
#227	18 65 143 174 228
#228	68 83 99 179 180 228 251 261
#231	34 68 90 116 173 246
#234	44 50 180 207 244 326
#236	136 170 183 229 270
#238	8 96 244 252 273
#239	2 7 8 27 96 112 238
#240	2 5 9 103 112 238
#241	69 174 179 203 214 217 244 270
#246	23 116 174 200 228 246 349
#252	73 225 242 283 300 306
#255	68 157 179 203 207 265
#258	23 174 243 253 287 301
#261	43 281 305 310 343
#263	164 204 228 271 321
#270	55 73 75 175 230 235
#273	13 36 73 98 133 206
#276	48 99 119 143 228 287
#278	16 54 97 239 346
#280	50 194 212 261 262
#283	56 60 170 193 341
#285	204 206 207 270 313
#287	34 163 173 174 214 228 306
#290	16 185 203 318
#293	36 173 207 265 326
#296	68 185 193 197 223 238 270 279
#298	21 47 227 287 321
#299	153 205 222
#300	164 226 244 253 270 273 313 321
#302	105 236 244
#303	14 206 244 246 305 321
#304	23 34 265 283
#307	7 8 9 193 223 226 252
#309	29 129 174 242 253
#311	164 273
#312	164 273
#313	226 271 318
#314	74 226 318
#315	42 178 191 235
#316	123 138 151 220
#318	37 38 56
#320	37 38 90 173 174 207 214 321
#322	23 34 111 184 205 336
#324	203 214 281 284
#325	164 248 271 326
#327	50 157 226 227 265 271 273 274
#328	16 98 116
#331	51 68 223 298 320
#333	97 99 114 228
#335	13 24 46 68 174 175
#336	34 254 255 256
#339	37 209 250
#341	34 246 283 300
#345	105 112 157 243
#347	14 157 229 282
#349	95 109 113 225 243 300
#351	244 248
#352	50 271 277
#353	50 193 194 286 310
#355	185 194 220 262 286 288
#357	13 21 29 73 267
#358	50 95 138 174
#359	38 164 174 185 226 277
#361	191 335
#363	90 157 174 254 255 256 281 346
#366	34 48 109 112 287 300
#369	130 133 157 214 222 346
#370	48 150 300 346
#371	37 56 82 239 349
#351-1	244 248
#351-2	244 248
#351-3	244 248
