#001	173 189 210 235 282 402
#002	173 189 210 235 282 402
#003	173 189 200 210 235 282 338 402
#004	7 9 129 173 189 210 257
#005	7 9 129 173 189 210 257
#006	7 9 129 173 189 200 210 239 257 307 314 466
#007	8 173 189 196 205 291 334 401 428
#008	8 173 189 196 205 291 334 401 428
#009	8 173 189 196 200 205 291 308 324 334 401 428
#010	173
#011	334
#012	129 173 239 314 324 466
#014	334
#015	129 173 210 282 283 314 466
#016	129 173 189 239 253 257 314 466
#017	129 173 189 239 253 257 314 466
#018	129 173 189 239 253 257 314 466
#019	129 173 189 196 283 387 389 428
#020	129 173 189 196 283 387 389 428
#021	129 173 189 239 257 314 466
#022	129 173 189 239 257 314 466
#023	173 180 380 401 402 441
#024	173 180 380 401 402 441
#025	9 129 173 189 205 270 282 324 393
#026	9 129 173 189 205 270 282 324 393
#027	129 173 189 205 210 282 414
#028	129 173 189 205 210 282 414
#029	173 189 270
#030	173 189 270
#031	7 8 9 173 189 196 200 210 253 270 276 401 414
#032	173 189 270 389
#033	173 189 270 389
#034	7 8 9 173 189 196 200 210 253 270 276 389 401 414
#035	7 8 9 173 189 196 205 270 271 282 283 324 340 387 428
#036	7 8 9 173 189 196 205 270 271 282 283 324 340 387 428
#037	129 173 180 257 428 466
#038	129 173 180 257 428 466
#039	7 8 9 173 189 196 205 270 282 283 340 387
#040	7 8 9 173 189 196 205 270 282 283 340 387
#041	129 173 239 253 257 314 428 466
#042	129 173 239 253 257 314 428 466
#043	173 235 380 402
#044	173 235 380 402
#045	173 235 380 402
#046	173 210 235 282 402
#047	173 210 235 282 402
#048	129 173 324 428
#049	129 173 239 314 324 428 466
#050	173 189 389 414
#051	173 189 389 414
#052	129 173 180 189 196 253 282 387 402 441
#053	129 173 180 189 196 253 282 387 402 441
#054	8 129 173 189 196 291 324 401 428
#055	8 129 173 189 196 210 291 324 401 428
#056	7 8 9 129 180 189 200 253 270 283 402 410 441
#057	7 8 9 129 180 189 200 253 270 283 402 410 441
#058	129 173 189 257 270
#059	129 173 189 257 270 442
#060	173 196 270 291
#061	8 173 189 196 270 291
#062	8 173 189 196 270 291 410
#063	7 8 9 173 271 282 324 428
#064	7 8 9 173 271 282 324 428
#065	7 8 9 173 271 282 324 428
#066	7 8 9 173 189 270 276 410
#067	7 8 9 173 189 270 276 410
#068	7 8 9 173 189 270 276 410
#069	173 235 282 380 389 402
#070	173 235 282 380 389 402
#071	173 235 282 380 389 402
#072	173 196 282 291
#073	173 196 282 291
#074	7 9 173 189 205 246 276 389 414
#075	7 9 173 189 205 246 276 389 414
#076	7 9 173 189 205 210 246 276 389 414 442
#077	129 173 257 340
#078	129 173 257 340
#079	129 173 189 196 271 291 324 401 428
#080	8 129 173 189 196 210 271 291 324 334 401 428
#081	129 173 205 324 334 393
#082	129 173 205 324 334 393
#083	129 173 189 210 239 253 257 282 314 387 466
#084	129 173 189 253 282 283 314
#085	129 173 189 253 282 283 314
#086	173 196 291 324 401
#087	173 196 291 324 401
#088	7 8 9 173 189 441
#089	7 8 9 173 189 441
#090	129 173 196 291 334
#091	129 173 196 291 324 334
#092	7 8 9 173 180 196 253 271 282 389 466
#093	7 8 9 173 180 196 253 271 282 389 466
#094	7 8 9 173 180 196 253 271 282 389 466
#095	173 189 205 239 246 414 442
#096	7 8 9 271 324 428
#097	7 8 9 271 324 428
#098	173 189 196 210 246 276 282 291 334
#099	173 189 196 210 246 276 282 291 334
#100	129 173 205 324 389 393
#101	129 173 205 324 389 393
#102	173 205 235 246 253 402
#103	173 205 235 246 402 428
#104	7 9 173 189 196 210 253 282 283 334 414
#105	7 9 173 189 196 200 210 253 282 283 334 414
#106	129 173 189 270 276 282 340 389 410
#107	7 8 9 129 173 189 270 410
#108	7 8 9 173 189 196 205 282 401 428
#109	173 180 205 253
#110	173 180 205 253
#111	173 180 189 196 205 246 253 276 283 401 414
#112	7 8 9 173 180 189 196 200 205 210 246 253 276 283 401 414
#113	7 8 9 173 189 196 205 270 283 387 428
#114	173 235 246 282 402
#115	7 8 9 173 180 189 196 200 210 253 270 283 389 401
#116	129 173 196 200 239 291 324 340
#117	129 173 196 200 239 291 324 340
#118	129 173 189 196 210 282 291 340 401
#119	129 173 189 196 210 282 291 340 401
#120	129 173 196 205 239 291 324
#121	129 173 196 205 239 271 291 324
#122	7 8 9 173 189 270 271 324 334 428
#123	129 173 210 282 466
#124	8 173 189 196 270 271 324 428
#125	7 8 9 129 173 189 270 324 393
#126	7 9 173 189 257 270
#127	173 210 276 282 334
#128	173 180 196 200 253 270 283 428 442
#129	340
#130	173 180 196 200 239 253 291 340 401 442
#131	173 196 200 246 291 324 401 428 442
#133	129 173 189 270 387
#134	129 173 189 196 270 291 324 387 401
#135	129 173 189 270 324 387 393
#136	129 173 189 257 270 276 387
#137	129 173 196 271 324 387 428
#138	173 196 205 246 282 291 334 414
#139	173 196 205 246 282 291 334 414
#140	173 189 196 205 246 282 334 414
#141	173 189 196 205 210 246 276 282 291 334 401 414
#142	129 173 239 246 257 314 401 414 442 466
#143	7 8 9 173 189 196 200 205 276 387 402 428 441 442
#144	129 173 189 196 239 246 314 324 466
#145	129 173 189 239 246 257 314 324 466
#146	129 173 189 239 246 257 314 466
#147	129 173 196 200 239 401 434
#148	129 173 196 200 239 401 434
#149	7 8 9 129 173 189 196 200 210 239 257 276 291 314 401 434 442 466
#150	7 8 9 129 173 189 196 271 324 401 428
#151	7 8 9 129 173 180 189 196 200 205 210 235 239 246 253 257 270 271 276 282 283 291 314 324 334 340 380 387 389 393 401 402 410 414 428 441 442 466
#152	173 189 210 235 246 402
#153	173 189 210 235 246 402
#154	173 189 200 210 235 246 338 402
#155	129 173 189 205 257
#156	129 173 189 205 210 257
#157	7 9 129 173 189 205 210 257 307
#158	8 173 180 189 196 246 253 276 291 401
#159	8 173 180 189 196 210 246 253 276 291
#160	8 173 180 189 196 200 210 246 253 276 291 308 401
#161	7 8 9 129 173 189 205 210 253 270 282 387 389 401
#162	7 8 9 129 173 189 205 210 253 270 282 387 389 401
#163	129 189 239 253 257 314 428 466
#164	129 189 239 253 257 314 428 466
#165	8 9 129 173 205 253 282 314 466
#166	8 9 129 173 205 253 282 314 466
#167	324 340 389
#168	324 340 389
#169	129 173 239 253 257 314 428 466
#170	173 196 291 324 340 389
#171	173 196 291 324 340 389 401
#172	129 173 189 205 253 270 324 393
#173	173 189 196 205 253 270 271 283 324 387 428
#174	173 189 196 205 253 270 283 340 387
#175	129 173 189 205 246 253 271 283 324 387 428
#176	129 173 189 205 239 246 257 271 283 314 324 387 428 466
#177	129 173 239 257 271 314 324 389 428 466
#178	129 173 239 257 271 314 324 389 428 466
#179	129 173 324 393
#180	7 9 129 173 324 393
#181	7 9 129 173 200 324 393
#182	173 235 253 380 402
#183	8 129 173 189 196 205 270 276 282 291 401
#184	8 129 173 189 196 205 270 276 282 291 401
#185	7 8 9 173 189 205 270 389 414
#186	173 189 196 270 291 340
#187	173 235 270 340 402
#188	173 235 270 340 402
#189	173 235 270 340 402
#190	7 8 9 129 173 180 189 210 253 282 340 387 402 441
#191	173 235 253 270 283 402
#192	173 235 253 270 283 402
#193	129 173 246 253 314 324 466
#194	8 173 189 196 205 246 291 401 414
#195	8 173 189 196 205 246 291 401 414
#196	129 173 189 270 271 324 387 428
#197	129 173 180 189 270 387 389
#198	129 180 189 196 239 253 257 314 389 466
#199	8 129 173 189 196 210 271 291 324 334 401 428
#200	129 173 180 196 253 271 389 466
#203	129 173 189 253 271 324 389 428
#204	173 205 334
#205	173 205 324 334 393
#206	173 180 189 205 246 283 387 401 428
#207	129 173 210 282 401 414
#208	173 189 205 239 246 393 401 414 442
#209	7 8 9 173 189 276 387
#210	7 8 9 173 189 276 387
#211	129 173 196 205 291 324 340 401
#212	129 173 210 276 282 334 442 466
#213	173 189 205 246 270 380 414
#214	173 210 270 282 334 410
#215	8 129 173 180 189 196 210 282
#216	7 8 9 129 173 189 205 210 276 387 402 441
#217	7 8 9 129 173 189 205 210 253 276 387 402 441
#218	173 189 205 246 257 334 414
#219	173 189 205 246 257 334 414
#220	173 189 196 246 276 283 414
#221	173 189 196 246 276 283 414
#222	173 189 196 205 246 283 389 414
#223	129 173 189 196 291 324 340 402 441
#224	129 173 189 196 291 324 340 402 441
#225	129 189 196 205 324 340 402 441
#226	129 173 189 196 270 291 314 324 340 401 402 441 442
#227	129 173 189 196 210 239 314 334 466
#228	129 173 180 189 253 257 389
#229	129 173 180 189 253 257 389
#230	129 173 196 200 239 291 324 340 434 442
#231	173 189 205 246 276 282 283 402 414 441
#232	173 189 205 246 276 282 283 334 340 402 414 441
#233	129 173 196 271 324 387 428
#234	129 173 180 189 253 324 340 387 389 428
#236	129 173 189 253 270 410
#237	129 173 189 205 239 270 283 389 410
#238	8 173 189 196 253 270 271 324 428
#239	7 8 9 129 173 189 253 270 324 393
#240	7 9 173 189 253 257 270
#241	7 8 9 173 189 196 205 270 428 442
#242	7 8 9 173 189 196 205 270 283 387 428
#243	129 173 189 324 393 442
#244	129 173 189 257 442
#245	129 173 189 196 291 324 442 466
#246	173 180 189 246 253 276 414 442
#247	173 180 189 246 253 276 334 414 442
#248	7 8 9 173 180 189 200 210 246 253 276 401 414 442
#249	129 173 189 196 239 246 271 291 314 324 401 414 428 442 466
#250	129 173 189 239 246 257 314 324 414 428 442 466
#251	129 173 189 235 246 253 270 271 324 387 389 402 414 428
#252	9 129 173 189 210 235 283 402
#253	9 129 173 189 210 235 283 402
#254	9 129 173 189 200 210 235 283 338 402
#255	129 173 189 257 270 340 387
#256	7 9 129 173 189 210 257 270 340 387 410
#257	7 9 129 173 189 210 257 270 276 282 307 340 387 410
#258	173 189 196 205 246 276 283 291 401 414
#259	8 173 189 196 205 246 276 283 291 401 414
#260	8 173 189 196 200 205 246 276 283 291 308 401 414
#261	173 180 189 253 389
#262	173 180 189 253 389
#263	129 173 189 196 205 210 270 271 387 402 441
#264	129 173 189 196 205 210 270 271 387 402 441
#265	173
#266	334
#267	129 173 239 314 324 466
#268	334
#269	129 173 239 314 324 466
#270	173 196 235 253 402 428
#271	7 8 9 173 189 196 235 253 291 402 428
#272	7 8 9 173 189 196 235 253 291 402 428
#273	173 180 205 235 402
#274	129 173 180 189 205 210 235 402
#275	129 173 180 189 196 205 210 235 239 282 314 340 389 402 466
#276	129 173 189 239 257 283 314 466
#277	129 173 189 239 257 283 314 466
#278	129 173 189 196 239 253 282 314 466
#279	129 173 189 196 239 253 282 314 402 441 466
#280	7 8 9 129 173 189 196 270 271 324 428
#281	7 8 9 129 173 189 196 270 271 324 428
#282	7 8 9 129 173 189 196 270 271 324 428
#283	129 173 189 196 324
#284	129 173 189 196 239 314 324 466
#285	173 235 270 402
#286	9 173 189 210 235 270 276 402 410
#287	7 8 9 173 189 196 210 389 441
#288	7 8 9 189 196 210 253 389 441
#289	7 8 9 173 189 196 210 389 441
#290	173 180 189 210
#291	129 173 180 189 210 253 314 466
#292	173 180 189 210 271 389
#293	7 8 9 173 189 196 205 253 428
#294	7 8 9 173 189 196 205 253 428
#295	7 8 9 173 189 196 200 205 253 428
#296	7 8 9 173 189 270 276 282 410
#297	7 8 9 173 189 270 276 282 410 442
#298	129 173 189 196 205 253 270 282
#299	7 8 9 173 189 205 246 334 393 414
#300	129 173 189 196 205 270 387 389 428
#301	129 173 189 196 205 270 387 389 428
#302	7 8 9 173 180 189 196 210 271 282 324 389 428 466
#303	8 9 173 189 196 246 282 334 389 393 442
#304	173 180 189 205 210 246 253 276 283 334 393 414 442
#305	173 180 189 205 210 246 253 276 283 334 393 414 442
#306	7 8 9 173 180 189 196 200 205 210 246 253 276 283 334 393 401 414 442
#307	7 8 9 129 173 189 270 271 324 410 428
#308	7 8 9 129 173 189 270 271 324 410 428
#309	129 173 189 324 393
#310	129 173 189 324 393
#311	9 129 173 189 205 253 270 324 387 393
#312	9 129 173 189 205 253 270 324 387 393
#313	8 9 129 173 189 270 314 324 428 466
#314	8 9 129 173 189 270 314 428 466
#315	129 173 189 210 235 402
#316	7 8 9 173 189 205 380 402 441
#317	7 8 9 173 189 205 380 402 441
#318	129 173 180 189 196 210 246 253 291 340 428
#319	129 173 180 189 196 210 246 253 291 340 428
#320	173 196 205 291 340
#321	173 196 205 291 340 442
#322	173 189 205 257 414
#323	173 189 205 257 414 442
#324	173 189 205 257 334 414
#325	129 173 196 271 324 340 428
#326	7 8 9 129 173 189 196 271 324 340 428
#327	7 8 9 129 173 189 196 205 253 270 387 389 428
#328	173 189 210 414
#329	129 173 189 200 210 239 257 314 414 434 466
#330	7 9 129 173 189 200 210 239 257 314 414 434 466
#331	9 173 180 189 210 235 389 402
#332	9 173 180 189 210 235 276 389 402
#333	129 173 189 200 239 253 257 314 466
#334	129 173 189 200 239 253 257 314 434 466
#335	7 8 9 129 173 189 196 205 210 282 283 387
#336	129 173 189 210 282 389 401
#337	129 173 205 246 270 324 414 428 442
#338	129 173 205 246 270 324 334 414 428 442
#339	173 189 196 291 340 401 414
#340	173 189 196 291 340 401 414 428
#341	173 180 189 196 210 246 276 282 283 334
#342	129 173 180 189 196 210 246 276 282 283 291 334
#343	173 189 246 271 324 414 428
#344	173 189 246 271 324 414 428
#345	173 189 235 246 380 402 414
#346	173 189 235 246 380 402 414
#347	173 189 210 246 282 334 414
#348	173 189 210 246 276 282 334 401 414
#349	129 173 196 291
#350	129 173 189 196 239 291 401 442
#351	129 173 196 387 466
#352	7 8 9 129 173 189 196 205 210 246 271 282 387 389 401
#353	180 196 271 282 389 466
#354	180 189 196 271 282 389 466
#355	173 180 196 271 389 466
#356	7 8 9 173 180 189 196 271 389 466
#357	173 189 200 210 235 239 314 466
#358	173 196 205 253 270 271 282 324 387 428
#359	129 173 180 189 196 210 276 282 340 389 428
#361	173 180 196 205
#362	173 180 196 205 324 442
#363	173 189 196 205 291 324 401
#364	173 189 196 205 291 324 401
#365	173 189 196 205 210 291 324 401 442
#366	173 196 291 334
#367	129 173 189 196 291 340 389 401
#368	129 173 189 196 291 324 340 401
#369	173 189 196 246 291 340 401 414
#370	129 173 196 291 340
#371	173 189 200 210 239 428 434
#372	173 189 200 205 210 239 334 428 434
#373	129 173 189 200 205 210 239 257 314 401 428 434 466
#374	334 428 442
#375	8 9 129 173 189 196 205 210 271 324 334 393 428 442
#376	8 9 129 173 189 196 205 210 271 324 334 393 428 442
#377	7 8 9 173 189 205 246 276 414 442
#378	8 9 173 189 196 205 246 276 324 442
#379	8 9 173 189 205 246 276 334 393 442
#380	129 173 189 196 200 210 239 270 271 291 387 389 428 434
#381	129 173 189 196 200 210 239 270 271 291 387 428 434
#382	129 173 189 196 246 253 291 324 401 442
#383	7 9 129 173 189 205 210 246 253 414 442
#384	129 173 189 196 200 210 239 246 253 291 401 414 434 442
#385	7 8 9 129 173 189 196 246 253 270 271 324 334 387 428 442
#386	7 8 9 129 173 189 196 271 282 324 428
#387	173 189 235 276 402 414
#388	173 189 235 276 402 414
#389	173 189 200 235 276 338 402 414 442
#390	7 9 129 173 189 205 253 257 270 283 410 441
#391	7 9 129 173 189 205 257 270 283 410 441
#392	7 9 129 173 189 205 257 270 283 307 410 441
#393	173 189 196 291 324
#394	173 189 196 291 324
#395	173 189 196 210 282 291 308 324 334
#396	129 173 189 239 257 283 314 466
#397	129 173 189 239 257 283 314 466
#398	129 173 189 239 257 283 314 466
#399	129 173 189 196 205 210 276 387 401
#400	129 173 189 196 205 210 276 291 387 401
#401	173 189 253 283
#402	173 189 210 253 282 283
#403	129 173 189 210 324 393
#404	129 173 189 210 324 393
#405	129 173 189 210 276 324 393
#406	129 173 189 235 253 402
#407	129 173 189 210 235 402
#408	7 9 173 180 189 246 253 276 283 414 428 442
#409	7 9 173 180 189 200 246 253 276 283 414 428 442
#410	173 189 246 334 393 414 442
#411	173 189 200 246 334 393 414 442
#412	173
#413	173 235 253 283 324 389 402
#414	129 173 189 239 314 324 466
#415	129 173 189 283 314 466
#416	129 173 189 210 283 314 324 466
#417	9 129 173 189 205 253 270 387 393 402 441
#418	8 129 173 189 196 291
#419	8 129 173 189 196 291 401
#420	173 205 235 270 402
#421	173 205 235 270 402
#422	173 189 196 246 291 414
#423	173 189 196 246 291 414
#424	7 8 9 129 173 180 189 210 253 282 340 387 402 441
#425	129 173 180 189 196 205 271 282 314 389 466
#426	129 173 180 189 196 205 271 282 314 389 466
#427	129 173 189 253 270 283 340 387
#428	7 8 9 129 173 189 210 253 270 283 340 387
#429	129 173 180 196 253 271 389 466
#430	129 180 189 239 253 257 276 314 389 466
#431	129 173 189 210 282 387 389
#432	129 173 189 205 210 282 387 389
#433	129 173 196 205 253 270 271 282 324 387 428
#434	129 173 189 210 389
#435	129 173 189 210 389
#436	173 205 246 271 324
#437	173 205 246 271 324 428 442
#438	173 205 253 270 389 414
#439	173 189 253 270 271 324
#440	173 189 196 205 253 270 283 387 428
#441	129 173 189 239 253 257 314 466
#442	173 180 196 253 271 389 466
#443	129 173 189 200 210 239 414 434 442
#444	129 173 189 200 210 239 414 434 442
#445	129 173 189 200 210 239 401 414 434 442
#446	7 8 9 173 189 196 205 253 276 387 402 428 441
#447	8 9 129 173 189 210 270 334 393 410 428
#448	8 9 129 173 189 210 270 334 393 410 428
#449	173 189 276 414
#450	173 189 276 414 442
#451	173 189 210 282 401
#452	173 189 210 282 401
#453	8 9 173 180 189 196 210 270 282 340 389 410 441
#454	8 9 173 180 189 196 210 270 282 340 389 410 441
#455	173 189 210 235 282 380 402
#456	129 173 196 239 291 314 340 401 466
#457	129 173 196 239 291 314 340 401 466
#458	129 173 189 196 270 291 314 340
#459	8 173 189 196 235 402
#460	8 173 189 196 200 235 402
#461	8 129 173 180 189 196 210 282
#462	129 173 205 324 334 393 442
#463	7 8 9 173 189 196 205 282 401 428
#464	7 8 9 173 180 189 196 200 205 210 246 253 276 283 401 414 442
#465	173 189 235 246 282 402
#466	7 8 9 129 173 189 270 324 393
#467	7 9 173 189 257 270
#468	129 173 189 205 239 246 257 271 283 314 324 387 428 466
#469	129 173 189 246 253 314 324 466
#470	129 173 189 210 235 270 282 387 402
#471	129 173 189 196 270 324 387 401
#472	129 173 189 210 282 401 414
#473	173 189 196 210 246 276 282 283 414 442
#474	129 173 196 253 271 324 387 428
#475	7 8 9 129 173 189 210 270 271 282 324 410 428
#476	7 8 9 173 189 205 246 334 393 414 442
#477	7 8 9 173 180 189 196 271 389 466
#478	8 173 180 189 196 205 271 324 389 466
#479	129 173 180 189 253 271 324 389 466
#480	7 8 9 129 173 189 270 271 282 324 428
#481	7 8 9 129 173 189 270 271 282 324 428
#482	7 8 9 129 173 189 253 270 271 282 324 387 428
#483	129 173 189 200 210 239 246 334 393 414 434 442
#484	129 173 189 200 210 239 246 291 401 414 434
#485	173 189 246 253 257 334 414 442
#486	7 8 9 173 189 196 246 276 414 428 442
#487	129 173 180 189 196 200 210 239 246 314 401 414 434 442 466
#488	129 173 189 196 210 270 271 324 428
#489	129 173 189 196 246 253 270 282 291 324 340 387
#490	129 173 189 196 246 253 270 282 291 324 340 387
#491	129 173 180 189 196 271 282 387 389 466
#492	129 173 189 235 283 387 402 414 428
#493	129 173 189 196 200 210 239 246 257 271 291 324 334 387 401 414 428 434 442 466
#10001	173 189 271 276 324 428
#386-2	173 189 271 282 324 334 428
#386-3	129 173 189 271 282 324 428
#413-1	173 189 205 253 283 324 389 414
#413-2	173 253 283 324 334 389 393 441 442
#492-1	129 173 189 235 314 387 402 428 466
#487-1	129 173 180 189 196 200 210 239 246 314 401 414 434 442 466
#479-1	129 173 180 189 253 271 324 389 466
#479-2	129 173 180 189 253 271 324 389 466
#479-3	129 173 180 189 253 271 324 389 466
#479-4	129 173 180 189 253 271 324 389 466
#479-5	129 173 180 189 253 271 324 389 466
#351-1	129 173 196 387 466
#351-2	129 173 196 387 466
#351-3	129 173 196 387 466
