#001	80 113 130 133 174 204 219 267 275 320 345 437
#004	14 44 157 187 200 232 242 246 251 349 394 407
#007	54 114 175 193 243 252 281 287 300 330 392 453
#016	185 193 211 228 253 314 403 413
#019	44 68 103 154 172 179 207 253 382 387
#021	18 98 143 161 184 185 206 253 310
#023	21 50 180 184 228 251 305 342
#027	14 68 157 175 219 229 232 306 400
#029	36 48 50 68 116 204 228 251
#032	36 48 50 68 93 133 251 389
#037	50 95 175 180 185 244 257 326 336 394 412
#041	16 18 95 98 174 185 228 413 417 428
#043	14 75 175 204 235 275 321
#046	60 68 103 113 175 206 228 230 232 440 450
#048	97 103 202 226 234 324 390 450
#050	103 157 185 228 246 251 253 310 426
#052	95 133 175 180 204 244 274 316 386 387
#054	60 94 95 109 113 193 238 248 281 287 426
#056	68 96 157 179 193 251 265 279 370
#058	34 37 38 83 219 242 257 336 394
#060	54 61 114 150 170 283 287 301 341 346
#063	7 8 9 112 227 282 379 385
#066	7 8 9 27 68 96 113 157 227 265 370 418
#069	14 115 141 227 235 275 321 345 388
#072	62 109 114 219 229 243 282 367
#074	5 157 175 335 359
#077	24 32 37 38 95 172 204
#079	23 173 187 214 219 248 300 335 382 428
#083	16 98 119 174 175 189 193 211 297 343 400
#084	48 98 114 119 175 185 283 413
#086	21 32 50 122 195 227 252 324 333
#088	114 122 153 174 212 254 255 256 286 325 425
#090	36 61 103 112 229 333 341
#092	7 8 9 114 149 153 195 261 288 310
#095	111 153 157 175 205 335 350
#096	7 8 9 112 260 272 274 417 427
#098	14 21 91 114 133 175 246 282 321
#102	115 174 235 236 244 246 267 275 381 437
#104	14 24 103 130 157 187 195 246 442
#108	34 133 164 173 174 187 214 222 265 359
#109	60 103 149 174 180 194 220 261 288
#111	14 68 157 174 179 222 242 306 407 422 423 424
#113	68 118 164 215 217 270 312 356
#114	72 73 93 115 133 175 267 283 437
#115	23 38 50 68 116 164 193 219 283 306 359
#116	50 62 82 150 175 190 225 324
#118	56 60 114 189 214 300 401
#122	95 102 109 244 248 252 271 298 358
#123	13 68 113 179 203 219 226 318 400 405
#127	31 98 175 185 206 364 370
#131	32 90 164 174 193 214 246 250 287 321 349
#133	174 175 203 204 273 281 313 321 343
#138	21 48 61 62 114 157 191 282 378 390
#140	61 62 91 103 109 175 196 229 282 341
#142	18 174 193 211 225 228 372
#143	18 38 90 122 164 174 204 228
#147	48 54 113 114 225 349 407
#152	22 68 73 175 246 267 275 312 320 378 437
#155	24 37 38 98 154 179 193 306 336 343 394
#158	8 37 56 157 232 242 246 300 337 346 349
#161	38 116 163 164 179 204 228 271 274 343 387
#163	17 18 48 97 101 119 143 185 297
#165	60 103 117 227 282 318 405 450
#167	49 50 60 226 228 324 390 398
#170	54 60 97 103 133 175 250
#172	3 9 117 179 217 227 252 268 273 321 344
#173	102 118 133 150 164 187 217 273 313 343
#174	185 195 217 273 313 343 356 387
#175	64 119 164 193 217 244 248 375 381 417
#177	65 98 114 185 211 244 287 297 389 428
#179	28 34 36 103 115 219 260 268 316
#183	48 113 133 164 187 195 217 248 276 287 453
#185	29 106 111 120 205 328
#187	38 93 115 133 227 244 270 312 388
#190	3 21 68 97 103 180 228 251 252 340 343
#191	73 174 227 230 267 270 275 320
#193	18 141 179 185 228 318 324 364
#194	24 34 68 174 219 227 246 254 255 256 300
#198	17 18 65 103 109 119 143 185 195 297 375
#200	103 174 180 194 244 262 286 389 425 466
#203	24 36 133 193 243 244 248 251 273 277
#204	38 42 68 115 129 175 279 328 390
#206	29 44 117 157 173 174 246 277 310 376
#207	13 17 38 68 97 226 232 328 364 400 440
#209	115 118 173 185 215 217 242 265 370 422 423 424
#211	48 61 114 175 310 324 398
#213	189 230 270 282 328 367
#214	38 106 117 175 206 228 279
#215	8 44 68 115 180 193 228 252 306 386 420 458
#216	36 38 68 69 214 232 238 242 281 313 370 400
#218	108 151 174 254 255 256 257 262
#220	34 36 38 44 90 157 174 246 333 341
#222	54 103 109 112 133 157 267 275 333 392
#223	48 62 86 103 114 173 175 190 350
#225	8 62 98 150 229 248 301 420
#226	21 56 114 150 157 239 243 300 346
#227	18 65 143 174 228 372 413
#228	68 83 99 179 180 228 251 261 386 417 422 424
#231	34 68 90 116 173 246 283 420
#234	24 37 44 50 180 207 244 326 428
#236	68 136 170 183 229 270 410 418
#238	8 96 244 252 273 357
#239	2 7 8 27 96 112 223 238
#240	2 5 9 103 112 183 223 238 394
#241	38 69 146 174 179 203 214 217 244 270 359 386
#246	23 116 174 200 228 246 334 349 372 442
#252	24 73 225 235 242 283 300 306 320 345 388 437
#255	68 97 157 179 203 207 226 265 306 364 387 400
#258	23 38 44 68 174 243 246 250 253 287 301 426
#261	43 281 305 310 343 382 389 422 423 424
#263	164 189 204 228 270 271 321
#270	55 73 75 175 230 235 321
#273	13 36 73 98 133 206 388 417
#276	18 48 99 119 143 228 287 413
#278	16 54 97 239 282 346 392
#280	50 109 194 212 261 262 288 425
#283	56 60 170 193 324 341 450
#285	204 206 207 270 313 358 388 402
#287	34 163 173 174 214 228 306 359 400
#290	16 185 203 318 400 405 450
#293	36 108 173 207 265 283 326
#296	68 185 193 197 223 238 270 279 358 418
#298	21 47 227 287 313 321
#299	38 153 205 222 335
#300	164 226 244 252 253 270 273 313 321 387 389 428
#302	105 236 244 260 417
#303	14 206 244 246 305 321 386 389 422 423 424
#304	23 34 103 174 265 283 407 442
#307	7 8 9 193 223 226 252 384 385 418 427
#309	29 129 174 242 253 422 423 424 435
#311	47 164 186 273
#312	47 164 186 273
#313	226 227 271 318 405
#314	74 226 227 318 405
#315	42 75 79 170 178 191 235 437
#316	123 138 151 174 194 220
#318	37 38 56 246
#320	34 37 38 90 111 173 174 207 214 321
#322	23 34 111 184 205 246 257 281 336 426
#324	89 90 203 214 281 284
#325	133 164 243 248 271 326 428
#327	50 157 226 227 252 265 271 272 273 274 427
#328	16 98 116 175 210
#331	51 67 68 223 265 298 320 345 402
#333	97 99 114 228 297 407
#335	13 24 46 68 154 174 175 232 400 458
#336	34 184 254 255 256 372 400
#339	36 37 56 175 209 250
#341	34 232 246 276 282 283 300
#345	105 112 157 243 321 378
#347	14 28 103 157 229 282 440
#349	54 95 109 113 114 225 243 300 321
#351	50 133 244 248 381 466
#352	50 146 252 271 277 417
#353	50 109 193 194 228 286 310 371 425
#355	185 194 220 262 286 288 466
#357	13 21 29 73 174 235 267 348 437
#358	50 95 138 174 248 273
#359	38 164 174 185 212 226 277 372 382 386 389 428
#361	50 117 191 205 335
#363	90 157 174 254 255 256 281 324 346
#366	34 48 109 112 287 300 392
#369	130 133 157 173 189 214 222 346 401
#370	48 150 300 346 392 445
#371	37 56 82 239 349 407 421 424
#387	34 37 38 74 133 276 321 328 388 402
#390	7 9 24 68 116 227 252 257 270 299
#393	48 56 97 173 175 189 281 300 392 458
#396	28 31 38 193 228 297 310
#399	38 98 111 154 205 316 346 401
#403	36 98 336 422 423 424
#406	42 75 79 170 178 191 235 326 437
#408	18 21 23 37 38 43 242 359
#410	29 34 38 90 103 116 174 184 350
#417	44 111 175 205 260 313 343
#418	3 29 154 163 189 210 226 316
#420	75 230 267 312 320 321
#422	68 90 133 174 243 254 255 256 262 281
#425	34 50 95 114 194 262
#427	7 8 9 67 186 213 227 252 313 327 415 458
#431	28 39 44 98 313 372
#433	50 95 105 138 174 248 273
#434	38 43 123 184 228 242 310 386
#438	29 106 111 120 205 328
#439	95 102 109 204 244 248 252 271 298 358 361
#440	68 118 164 215 217 270 312 356 387
#441	48 97 101 227 417
#442	108 194 220 286 288 425
#443	34 37 38 184 200 225 232 239 328 442
#446	18 38 122 164 174 204 228 428
#447	44 67 97 136 170 197 238 242 299 327 334 410 418
#449	34 174 254 255 256 303 328
#451	18 28 97 103 109 163 185 228 400
#453	29 96 223 238 252 265 358 364 382 410 418
#455	21 73 75 78 79 235 345 388
#456	60 97 150 175 186 204 321 401
#458	21 56 114 150 157 239 243 300 324 346
#459	23 38 54 73 74 345 402
#351-1	50 133 244 248 381 466
#351-2	50 133 244 248 381 466
#351-3	50 133 244 248 381 466
