#001	20 173 202 235 282 388 402 520
#002	20 173 202 235 282 388 402 520
#003	20 173 200 202 235 282 335 338 388 402 520
#004	7 9 173 231 257 264 406 519
#005	7 9 173 231 257 264 406 519
#006	7 9 173 200 231 257 264 307 366 406 519
#007	8 173 196 231 264 334 352 401 406 428 518
#008	8 173 196 231 264 334 352 401 406 428 518
#009	8 173 196 200 231 264 308 324 334 352 401 406 428 518
#010	173 450 527
#011	334 450 527
#012	173 202 285 324 366 450 527
#013	450 527
#014	334 450 527
#015	173 202 282 283 366 450 527 529
#016	143 173 253 257 366
#017	143 173 253 257 366
#018	143 173 253 257 366
#019	162 173 196 231 253 283 343 351 387 428
#020	162 173 196 231 253 283 343 351 387 428
#021	143 173 253 257 366 529
#022	143 173 253 257 366 529
#023	20 173 180 202 231 289 380 401 402 441
#024	20 173 180 202 231 289 380 401 402 441
#025	9 173 231 264 270 282 324 343 351 393 527
#026	9 173 231 264 270 282 324 343 351 393 527
#027	162 173 231 264 282 343 414 446
#028	162 173 231 264 282 343 414 446
#029	162 173 231 270 351 352
#030	162 173 231 270 351 352
#031	7 8 9 162 173 196 200 231 253 264 270 276 351 352 401 406 414 446 529
#032	162 173 231 270 351 352 529
#033	162 173 231 270 351 352 529
#034	7 8 9 162 173 196 200 231 253 264 270 276 351 352 401 406 414 446 529
#035	7 8 9 173 196 215 231 264 270 271 272 277 278 282 283 289 304 324 340 343 351 352 356 387 409 428 446 472 495
#036	7 8 9 173 196 215 231 264 270 271 272 277 278 282 283 289 304 324 340 343 351 352 356 387 409 428 446 472 495
#037	173 180 220 231 257 272 343 428 492
#038	173 180 220 231 257 272 343 428 492
#039	7 8 9 173 196 215 220 264 270 272 277 278 282 283 289 304 340 343 351 352 356 387 409 446
#040	7 8 9 173 196 215 220 264 270 272 277 278 282 283 289 304 340 343 351 352 356 387 409 446 478
#041	162 173 202 253 257 289 366 428
#042	162 173 202 253 257 289 366 428
#043	173 202 235 380 388 402 495
#044	173 202 235 380 388 402 409 495
#045	173 202 235 380 388 402 409 495
#046	173 202 235 282 388 402 450 495
#047	173 202 235 282 388 402 450 495
#048	173 202 285 324 428 450
#049	173 202 285 324 366 428 450
#050	173 414 446
#051	173 414 446
#052	173 180 196 231 253 282 289 304 343 351 352 387 402 441 492
#053	173 180 196 231 253 282 289 304 343 351 352 387 402 441 492
#054	8 173 196 231 264 272 324 352 388 401 428 472
#055	8 67 173 196 231 264 272 324 352 388 401 428 472
#056	7 8 9 67 173 180 200 231 253 264 270 272 283 343 402 441 530
#057	7 8 9 67 173 180 200 231 253 264 270 272 283 343 402 441 530
#058	173 200 231 257 270 343
#059	173 200 231 257 270 343 406 442
#060	173 196 270 283 352
#061	8 173 196 264 270 283 352
#062	8 173 196 264 270 283 352
#063	7 8 9 173 231 264 271 272 277 278 282 285 289 324 351 356 409 428 472 478 492
#064	7 8 9 173 231 264 271 272 277 278 282 285 289 324 351 356 409 428 472 478 492
#065	7 8 9 173 231 264 271 272 277 278 282 285 289 324 351 356 409 428 472 478 492
#066	7 8 9 67 173 264 270 272 276 282 530
#067	7 8 9 67 173 264 270 272 276 282 530
#068	7 8 9 67 173 264 270 272 276 282 530
#069	20 173 202 235 282 380 388 402
#070	20 173 202 235 282 380 388 402
#071	20 173 202 235 282 380 388 402
#072	20 173 196 202 277 282 352
#073	20 173 196 202 277 282 352
#074	7 9 173 264 276 334 335 414 446
#075	7 9 173 264 276 334 335 414 446
#076	7 9 173 264 276 334 335 414 442 446
#077	67 173 231 257 340
#078	67 173 231 257 340 529
#079	173 196 231 271 277 278 285 324 335 352 401 428 472 495
#080	8 173 196 231 264 271 277 278 285 324 334 335 352 401 409 428 472 492 495
#081	173 277 278 324 334 351 356 393 527
#082	173 277 278 324 334 351 356 393 527
#083	143 173 231 253 257 270 282 343 366 387
#084	173 253 282 283
#085	143 173 253 282 283
#086	173 196 231 324 352 401 529
#087	173 196 231 324 352 401 529
#088	7 8 9 173 202 220 351 441
#089	7 8 9 173 202 220 264 335 351 441
#090	173 196 334 352
#091	173 196 324 334 352
#092	7 8 9 173 180 196 202 220 253 271 282 285 289 472 492
#093	7 8 9 173 180 196 202 220 253 271 282 285 289 472 492
#094	7 8 9 173 180 196 202 220 253 264 271 272 282 285 289 409 472 492
#095	20 173 231 335 406 414 442 446
#096	7 8 9 67 173 264 271 272 277 278 285 289 324 409 428 478 492
#097	7 8 9 67 173 264 271 272 277 278 285 289 324 409 428 478 492
#098	173 196 276 282 334 352
#099	173 196 276 282 334 352
#100	173 277 324 351 393 492
#101	173 277 324 351 393 492
#102	173 202 235 253 285 335 356 388 402
#103	67 173 202 235 285 335 356 388 402 428
#104	7 9 67 173 196 231 253 264 282 283 334 414 442 446
#105	7 9 67 173 196 200 231 253 264 282 283 334 414 442 446
#106	67 173 264 270 272 276 282 340 343
#107	7 8 9 67 173 264 270 272 343 409
#108	7 8 9 20 173 196 231 264 282 351 352 401 428
#109	173 180 220 253 351
#110	173 180 220 253 351
#111	173 180 196 231 253 276 283 351 401 406 414 446 529
#112	7 8 9 173 180 196 200 231 253 264 276 283 335 351 401 406 414 446 529
#113	7 8 9 173 196 215 231 264 270 278 283 285 289 304 343 351 352 356 387 409 428 446
#114	20 173 202 220 235 282 283 351 388 402
#115	7 8 9 67 173 180 196 200 231 253 264 270 283 343 351 352 401 409
#116	173 196 200 324 340 352 406
#117	173 196 200 324 340 352 406
#118	173 196 282 324 340 352 401 529
#119	173 196 282 324 340 352 401 529
#120	173 196 220 277 278 324 352 356
#121	173 196 220 271 277 278 285 324 352 356 472
#122	7 8 9 173 196 264 270 271 272 277 278 285 289 324 334 343 351 409 428 472 478 492
#123	173 282 366 450
#124	8 173 196 215 264 270 271 272 277 278 285 304 324 343 352 409 428 478
#125	7 8 9 67 173 231 264 270 324 343 351 393 527 530
#126	7 9 67 173 231 257 264 270 343 530
#127	20 173 264 276 282 334 446 450
#128	173 180 196 200 231 253 270 272 283 351 352 428 442
#129	340
#130	173 180 196 200 231 253 340 352 401 406 442
#131	173 196 200 215 231 304 324 335 351 352 401 406 428 442 529
#133	173 215 231 270 304 343 387
#134	173 196 215 231 270 304 324 343 352 387 401
#135	173 215 231 270 304 324 343 351 387 393
#136	173 215 231 257 270 276 304 343 387
#137	173 196 220 231 271 277 278 324 351 356 387 393 428 472 492 527
#138	20 173 196 282 334 352 414 446
#139	20 173 196 282 334 352 414 446
#140	173 196 202 282 334 352 414 446
#141	67 173 196 202 276 282 334 352 401 414 446
#142	143 173 231 257 366 401 406 414 442 446
#143	7 8 9 173 196 200 264 276 278 304 335 343 351 352 387 402 428 441 442 495
#144	143 173 196 324 352 366
#145	143 173 257 324 351 366
#146	143 173 257 366
#147	20 173 196 200 231 351 352 401 406 434
#148	20 173 196 200 231 351 352 401 406 434
#149	7 8 9 20 173 196 200 231 257 264 276 351 352 366 401 406 434 442
#150	7 8 9 67 173 196 231 264 271 272 277 278 285 289 324 351 352 356 401 409 428 472 478 492
#151	7 8 9 20 67 143 162 173 180 196 200 202 215 220 231 235 253 257 264 270 271 272 276 277 278 282 283 285 289 304 324 334 335 340 343 351 352 356 366 380 387 388 393 401 402 406 409 414 428 441 442 446 450 472 478 492 495 527 529 530
#152	173 202 231 235 277 388 402 520
#153	173 202 231 235 277 388 402 520
#154	173 200 202 231 235 277 338 388 402 520
#155	173 257 343 519
#156	173 257 264 343 519
#157	7 9 67 173 257 264 307 343 519
#158	8 67 173 180 196 231 253 264 276 335 352 401 518
#159	8 67 173 180 196 231 253 264 276 335 352 401 518
#160	8 67 173 180 196 200 231 253 264 276 308 335 352 401 406 518
#161	7 8 9 162 173 231 253 264 270 271 282 304 343 351 352 387 401
#162	7 8 9 162 173 231 253 264 270 271 282 304 343 351 352 387 401
#163	143 173 253 257 277 278 304 366 428
#164	143 173 253 257 277 278 304 366 428
#165	8 9 173 202 253 264 282 366 409 450
#166	8 9 173 202 253 264 282 366 409 450
#167	173 202 324 340 450 492 527
#168	173 202 324 340 450 492 527
#169	143 162 173 202 253 257 289 366 428
#170	173 196 215 324 340 351 352
#171	173 196 215 324 340 351 352 401
#172	9 173 231 253 270 324 343 351 393 527
#173	173 196 231 253 270 271 272 277 278 283 304 324 343 351 352 356 387 428 472 495
#174	173 196 215 220 253 270 272 277 278 283 304 340 343 351 352 356 387
#175	173 215 253 271 277 283 304 324 343 351 352 387 428 495
#176	173 215 257 264 271 277 283 304 324 343 351 352 366 387 409 428 495
#177	143 173 202 220 257 271 277 285 324 366 428 478
#178	143 173 202 220 257 271 277 285 324 366 428 478 492
#179	173 215 231 324 351 393 495 527
#180	7 9 173 215 231 264 324 351 393 495 527
#181	7 9 173 200 215 231 264 324 351 393 406 495 527
#182	173 202 235 253 380 388 402 409 495
#183	8 173 196 231 264 270 276 282 304 340 343 352 401
#184	8 173 196 231 264 270 276 282 304 340 343 352 401
#185	7 8 9 67 173 264 270 272 335 343 414 446 492 495
#186	8 173 196 264 270 283 304 340 352
#187	173 202 235 270 340 388 402
#188	173 202 235 270 340 388 402
#189	173 202 235 270 340 388 402
#190	7 8 9 67 173 180 231 253 264 272 282 289 340 343 351 352 387 402 441 492
#191	173 202 235 253 270 283 388 402 414 495
#192	173 202 235 253 270 283 388 402 414 495
#193	173 202 253 324 366 450
#194	8 173 196 231 352 401 414 495
#195	8 173 196 231 264 352 401 414 495
#196	173 215 231 270 271 277 285 304 324 343 387 428 478
#197	173 180 215 231 270 289 304 343 387 472 492
#198	143 173 180 196 253 257 289 366 492
#199	8 173 196 231 264 271 277 278 285 324 334 335 352 401 409 428 472 492 495
#200	173 180 196 215 220 253 271 277 285 289 304 351 472 478 492
#203	173 231 253 271 277 278 285 304 324 351 356 428 492
#204	173 202 220 334 356 446 450 529
#205	173 202 220 324 334 335 356 393 446 450 529
#206	20 173 180 220 231 277 283 351 352 387 401 428 446 529
#207	173 231 282 366 401 414 446 450
#208	20 173 231 335 393 401 406 414 442 446
#209	7 8 9 67 162 173 215 264 276 304 343 351 352 387
#210	7 8 9 67 162 173 200 215 231 264 276 304 343 351 352 387
#211	173 196 220 324 340 351 352 401
#212	173 276 282 334 366 442 450
#213	20 173 270 282 380 414 446 450 495
#214	67 173 264 270 282 334 450
#215	8 67 173 180 196 231 264 282 289 492
#216	7 8 9 173 264 276 304 343 387 402 441
#217	7 8 9 67 173 253 264 276 304 343 387 402 441
#218	173 220 257 334 414 495
#219	173 220 257 334 414 446 495
#220	173 196 276 283 414 446
#221	173 196 276 283 414 446
#222	173 196 277 283 334 352 414 446
#223	173 196 324 340 352 402 441
#224	20 173 196 324 340 352 402 441
#225	8 143 173 196 264 278 324 340 352 402 441
#226	173 196 270 324 340 352 366 401 402 441 442
#227	143 173 196 334 366 442 446
#228	162 173 180 231 253 257 272 289 304 492
#229	162 173 180 231 253 257 272 289 304 492
#230	173 196 200 324 340 352 406 434 442
#231	173 231 276 282 283 304 387 402 414 441 446
#232	173 231 276 282 283 304 334 335 340 387 402 414 441 446
#233	173 196 220 231 271 277 278 324 351 356 387 393 428 472 492 527
#234	173 180 231 253 272 285 324 340 351 356 387 428 478
#236	67 173 253 270 272 343
#237	67 173 270 272 283 343
#238	8 173 196 215 253 270 271 272 277 278 285 324 343 352 428 478
#239	7 8 9 67 173 253 264 270 324 343 351 393 527 530
#240	7 9 173 231 253 257 264 270 343 530
#241	7 8 9 173 196 215 231 264 270 335 351 352 428 442 446 495
#242	7 8 9 173 196 215 231 264 270 278 283 285 289 304 335 343 351 352 356 387 409 428 446
#243	173 231 324 351 393 442
#244	173 231 257 442
#245	173 196 231 324 352 366 442
#246	173 180 200 231 253 276 334 414 442 446
#247	173 180 200 231 253 276 334 414 442 446
#248	7 8 9 67 173 180 200 231 253 264 276 334 335 351 352 401 406 414 442 446 492
#249	143 173 196 202 231 271 285 304 324 351 352 366 401 406 414 428 442 472
#250	143 173 202 257 304 324 351 366 414 428 442
#251	173 202 215 235 253 270 271 277 285 324 351 352 387 388 402 414 428 446 472 478
#252	9 67 173 202 231 235 264 283 388 402 409 520
#253	9 67 173 202 231 235 264 283 388 402 409 520
#254	9 67 173 200 202 231 235 264 283 338 388 402 406 409 520 530
#255	67 173 257 270 340 387 519
#256	7 9 67 173 257 264 270 340 387 519 530
#257	7 9 67 173 257 264 270 272 276 282 307 340 387 519 530
#258	67 173 196 231 253 276 283 352 401 414 518
#259	8 67 173 196 231 253 276 283 352 401 414 446 518
#260	8 67 173 196 200 231 253 264 276 283 308 352 401 414 446 518
#261	162 173 180 231 253 289 304 343 492
#262	162 173 180 231 253 289 304 343 492
#263	162 173 196 231 270 271 304 343 351 352 387 402 441
#264	162 173 196 231 270 271 304 343 351 352 387 402 441
#265	173 450 527
#266	334 450 527
#267	173 202 324 366 450 527
#268	334 450 527
#269	173 202 324 366 450 527
#270	173 196 202 235 253 352 402 428
#271	7 8 9 173 196 202 235 253 282 304 352 402 409 428
#272	7 8 9 173 196 202 235 253 264 282 304 352 402 409 428
#273	173 180 202 235 388 402 492
#274	67 173 180 202 235 388 402 492
#275	67 173 180 196 202 235 282 340 366 388 402 492
#276	143 173 257 283 366
#277	143 173 257 283 366
#278	143 173 196 253 282 351 352 366
#279	143 173 196 253 282 351 352 366 402 441
#280	7 8 9 173 196 220 270 271 277 278 285 289 304 324 351 428 472 478
#281	7 8 9 173 196 220 270 271 277 278 285 289 304 324 351 428 472 478
#282	7 8 9 173 196 215 220 270 271 277 278 285 289 304 324 351 428 472 478
#283	173 196 202 324 352 450
#284	173 196 202 324 352 366 450
#285	173 202 235 264 270 289 388 402 409
#286	9 173 202 231 235 264 270 276 289 388 402 409
#287	7 8 9 173 196 264 343 351 352 441 495
#288	7 8 9 67 173 196 253 264 343 351 352 441 495
#289	7 8 9 67 173 196 264 335 343 351 352 441 495
#290	173 180 202 450
#291	173 180 202 253 450
#292	173 180 202 271 450
#293	7 8 9 173 196 253 283 304 351 352 428
#294	7 8 9 67 173 196 253 283 304 351 352 428
#295	7 8 9 67 173 196 200 253 283 304 351 352 428
#296	7 8 9 67 173 264 270 272 276 282
#297	7 8 9 67 173 264 270 272 276 282 442
#298	173 196 231 253 270 282 304 340 343 352
#299	7 8 9 173 220 277 334 335 351 356 393 414 446
#300	173 196 215 231 253 270 304 343 351 352 387 428
#301	173 196 215 231 253 270 304 343 351 352 387 428
#302	7 8 9 67 173 180 196 220 264 271 272 277 282 289 324 351 352 356 428 472 492
#303	8 9 162 173 196 220 264 282 289 334 387 393 442 446 492
#304	173 180 231 253 276 283 334 351 352 393 414 442 446
#305	173 180 231 253 276 283 334 351 352 393 414 442 446
#306	7 8 9 67 173 180 196 200 231 253 264 276 283 334 335 351 352 393 401 406 414 442 446
#307	7 8 9 67 173 220 264 270 271 272 277 278 324 356 409 428
#308	7 8 9 67 173 220 264 270 271 272 277 278 324 356 409 428
#309	173 231 253 324 351 393
#310	173 231 253 324 351 393
#311	9 173 231 253 270 324 351 387 393 527
#312	9 173 231 253 270 324 351 387 393 527
#313	8 9 173 202 264 270 271 324 351 352 366 428 450
#314	8 9 173 202 264 270 343 351 352 366 428 450
#315	173 202 235 343 388 402
#316	7 8 9 173 202 220 289 351 352 380 402 441
#317	7 8 9 173 202 220 289 335 351 352 380 402 441
#318	162 173 180 196 253 340 352 428
#319	162 173 180 196 253 340 352 428
#320	173 196 304 340 352 428
#321	173 196 304 335 340 352 428 442
#322	173 257 414 442 446 495
#323	173 257 414 442 446 495
#324	173 231 257 276 334 414 446 495
#325	173 196 215 231 271 272 277 278 285 289 324 340 343 351 428
#326	7 8 9 173 196 215 231 264 271 272 277 278 285 289 324 340 343 351 409 428
#327	7 8 9 67 173 196 253 264 270 271 272 278 285 289 304 343 351 352 387 409 428
#328	173 202 276 324 414 450
#329	173 200 202 253 257 276 324 366 406 414 434 450
#330	7 9 173 200 202 231 253 257 276 324 366 406 414 434 450
#331	9 67 173 180 202 235 264 272 335 388 402 409
#332	9 67 173 180 202 235 264 272 276 335 388 402 409 492
#333	143 173 200 215 253 257 304 366 406
#334	143 173 200 215 231 253 257 304 366 406 434 472
#335	7 8 9 67 173 196 202 231 264 282 283 351 352 387
#336	20 173 202 231 282 289 380 401
#337	173 196 220 270 277 278 285 324 356 414 428 442 446 478
#338	173 220 257 270 277 278 285 324 334 356 414 428 442 446 472
#339	173 196 340 352 401 414
#340	173 196 340 352 401 414 428
#341	173 180 196 276 282 283 334 352
#342	173 180 196 276 282 283 334 352
#343	173 271 277 278 285 324 356 414 428 446 472 529
#344	173 271 277 278 285 324 356 414 428 446 472 529
#345	20 173 202 220 235 380 388 402 414 446
#346	20 173 202 220 235 335 380 388 402 414 446
#347	173 282 334 352 414 446 450
#348	67 173 231 276 282 334 335 352 401 414 446 450
#349	173 196 231 352 406
#350	20 173 196 231 277 352 401 406 442
#351	173 196 351 352 366 387
#352	7 8 9 20 67 173 196 231 264 271 272 277 278 282 285 289 351 352 387 401 409 446 472 492 495
#353	173 180 196 220 271 272 277 282 285 289 351 478 492
#354	173 180 196 220 271 272 277 282 285 289 351 478 492
#355	173 180 196 220 271 285 289 356 472
#356	7 8 9 20 173 180 196 220 264 271 285 289 356 472
#357	173 200 202 235 366 388 402 406
#358	20 173 196 215 253 270 271 277 278 282 285 289 304 324 351 356 387 428
#359	173 180 196 231 272 276 277 282 289 340 351 352 428 492
#361	173 180 196 335 352
#362	162 173 180 196 324 335 352 442
#363	162 173 196 231 324 352 401
#364	162 173 196 231 324 352 401
#365	162 173 196 231 324 335 352 401 442
#366	173 196 334 352
#367	20 162 173 196 289 340 352 401
#368	20 173 196 324 340 352 401
#369	173 196 340 352 401 414 428 446
#370	173 196 340 352
#371	173 200 304 406 428 434
#372	173 200 304 334 406 428 434
#373	173 200 231 257 304 366 401 406 428 434
#374	334 428 442
#375	8 9 173 196 271 324 334 356 393 428 442 446
#376	8 9 173 196 271 324 334 335 356 393 428 442 446
#377	7 8 9 173 264 276 334 335 351 356 409 414 442 446
#378	8 9 173 196 264 276 324 335 351 356 442
#379	8 9 173 264 276 334 335 351 356 393 442 446
#380	173 196 200 270 271 272 277 343 351 352 366 387 406 428 434 478
#381	173 196 200 270 271 277 351 352 366 387 406 428 434 472
#382	173 196 253 324 335 351 352 401 442
#383	7 9 173 231 253 335 351 406 414 442 446
#384	20 173 196 200 231 253 304 351 352 366 401 406 414 434 442 620
#385	7 8 9 173 196 253 270 271 277 278 285 324 334 351 352 356 387 409 428 442 446 478
#386	7 8 9 20 67 173 196 264 271 272 277 278 282 285 289 324 351 352 356 409 428 446 472
#387	173 202 231 235 276 388 402 414 446 520
#388	173 202 231 235 276 388 402 414 446 520
#389	173 200 202 231 235 276 335 338 388 402 414 442 446 520
#390	7 9 67 173 231 253 257 264 270 272 283 343 441 446 519
#391	7 9 67 173 231 257 264 270 272 283 343 441 446 519 530
#392	7 9 67 173 231 257 264 270 272 283 307 343 441 446 519 530
#393	173 196 324 343 352 446 518
#394	173 196 324 343 352 446 518
#395	173 196 282 308 324 334 343 352 446 518
#396	173 253 257 283 366
#397	173 253 257 283 366
#398	143 173 253 257 283 366
#399	162 173 196 231 276 343 351 387 401 446
#400	162 173 196 231 264 276 343 351 352 387 401 446
#401	173 253 283 450
#402	173 215 253 282 283 304 450
#403	173 231 270 324 351 393
#404	173 231 270 324 351 393
#405	173 231 270 276 324 351 393
#406	173 202 235 253 343 388 402
#407	173 202 235 343 388 402
#408	7 9 173 180 231 253 276 283 351 406 414 428 442 446
#409	7 9 173 180 200 220 231 253 264 276 283 351 406 414 428 442 446
#410	173 231 334 351 393 414 442 446
#411	173 200 231 277 334 335 351 393 414 442 446
#412	173 450 527
#413	173 202 235 253 283 285 324 388 402 450 527
#414	173 202 285 324 366 450 527
#415	173 283 366 450
#416	173 283 324 366 450
#417	9 162 173 231 253 270 343 351 387 393 402 441 527
#418	8 173 196 231 264 352 401
#419	8 67 173 196 231 264 352 401
#420	173 202 235 270 388 402
#421	173 202 235 270 388 402
#422	173 196 220 352 414
#423	173 196 220 335 352 414
#424	7 8 9 67 173 180 231 253 264 272 282 289 340 343 351 352 387 402 441 492
#425	20 173 180 196 220 271 277 278 282 285 351 366
#426	20 173 180 196 220 271 277 278 282 285 351 366
#427	7 8 9 67 173 215 231 253 264 270 277 283 304 340 343 351 352 387 409 495
#428	7 8 9 67 173 215 231 253 264 270 277 283 304 340 343 351 352 387 409 495
#429	173 180 196 215 220 253 271 277 285 289 304 351 472 478 492
#430	143 173 180 196 253 257 276 289 366 492
#431	162 173 231 282 289 304 343 351 352 387 492
#432	162 173 231 282 289 304 343 351 352 387 492
#433	20 173 196 215 253 270 271 277 278 282 285 289 304 324 351 356 387 428
#434	173 231 289 492
#435	173 231 289 492
#436	173 271 278 285 324 334 356 446 472
#437	173 271 278 285 324 334 335 356 428 442 446 472
#438	67 173 253 270 272 335 343 414 446 492 495
#439	173 196 253 264 270 271 272 277 278 285 289 324 343 351 409 472 478
#440	173 196 215 253 270 278 283 304 343 351 352 356 387 409 428
#441	143 173 253 257 272 304 366
#442	173 180 196 220 253 271 289 351 352 472 492
#443	173 200 231 406 414 434 442 446
#444	173 200 231 406 414 434 442 446 530
#445	173 200 231 401 406 414 434 442 446 530
#446	7 8 9 173 196 253 264 276 278 289 304 343 351 352 387 402 428 441 495
#447	8 9 67 173 231 264 270 272 334 393 409 428 530
#448	8 9 67 173 231 264 270 272 334 352 393 406 409 428 530
#449	173 231 276 352 414 446
#450	173 231 276 352 414 442 446
#451	173 231 282 401 450
#452	173 231 282 401 450
#453	8 9 67 162 173 180 196 264 270 272 282 289 340 409 441 492 530
#454	8 9 67 162 173 180 196 264 270 272 282 289 340 409 441 492 530
#455	20 173 202 235 282 380 388 402 450
#456	173 196 324 340 352 366 401
#457	173 196 324 340 352 366 401
#458	173 196 270 324 340 352
#459	8 173 196 202 231 235 272 352 388 402
#460	8 173 196 200 202 231 235 264 272 335 352 388 402
#461	8 67 173 180 196 231 264 282 289 492
#462	173 277 278 324 334 351 356 393 442 527
#463	7 8 9 20 173 196 231 264 282 335 351 352 401 428
#464	7 8 9 173 180 196 200 231 253 264 276 283 335 351 401 406 414 442 446 529
#465	20 173 202 220 235 282 283 335 351 388 402
#466	7 8 9 67 173 231 264 270 324 343 351 393 527 530
#467	7 9 67 173 231 257 264 270 343 530
#468	143 173 215 257 264 271 277 283 304 324 343 351 352 366 387 409 428 495
#469	173 202 253 324 366 450
#470	173 202 215 231 235 270 282 304 343 387 388 402
#471	173 196 215 231 270 304 324 343 352 387 401
#472	143 173 231 282 366 401 414 446 450
#473	173 196 276 282 283 335 414 442 446
#474	173 196 220 231 253 271 277 278 324 351 356 387 393 428 492 527
#475	7 8 9 67 173 220 264 270 271 277 278 282 285 289 304 324 351 409 428 472 478 530
#476	7 8 9 173 220 277 334 335 351 356 393 414 442 446
#477	7 8 9 20 173 180 196 220 264 271 285 289 356 472
#478	8 173 180 196 220 271 289 324 335 351 352
#479	173 180 220 253 271 289 324 351 492 527
#480	7 8 9 173 202 215 231 270 271 272 277 278 282 285 324 351 352 428 446 472 478 492
#481	7 8 9 173 231 270 271 272 277 278 282 285 324 351 352 428 446 472 478
#482	7 8 9 173 231 253 270 271 272 277 278 282 285 324 351 352 387 428 446 472 478
#483	173 200 231 304 334 351 356 393 406 414 434 442 446
#484	173 200 264 304 351 352 356 401 406 414 434
#485	173 253 257 334 406 414 442 446 450
#486	7 8 9 173 196 264 276 282 335 351 356 409 414 428 442
#487	173 180 196 200 220 231 304 351 356 401 406 414 434 442
#488	173 196 270 271 277 278 285 324 356 428 478
#489	173 196 215 253 270 282 324 340 343 352 387
#490	173 196 215 253 270 282 285 324 340 343 352 387
#491	173 180 196 264 271 282 289 351 387 409 472 492
#492	173 202 235 283 343 387 388 402 414 428
#493	173 196 200 202 231 257 271 277 278 304 324 334 351 352 356 366 387 401 406 414 428 434 442 446
#494	7 9 173 253 257 270 271 272 277 285 324 340 351 387 428
#495	20 173 202 231 235 282 289 380 388 401 402 520
#496	20 173 202 231 235 282 289 380 388 401 402 520
#497	20 173 200 202 231 235 282 289 338 380 388 401 402 406 520
#498	173 231 257 270 276 283 343 428 519
#499	7 9 67 173 231 257 264 270 276 283 343 428 519
#500	7 9 67 173 231 257 264 270 276 283 307 335 343 428 442 519
#501	173 196 231 270 343 352 401 518
#502	173 196 231 270 343 352 401 518
#503	173 196 231 270 276 282 308 335 343 352 401 518
#504	67 162 173 231 270 283 343 351 387 401 402 428 441 495
#505	7 8 9 67 162 173 231 264 270 282 283 324 343 351 387 401 402 428 441 495
#506	173 253 270 304 343 351 387 495
#507	173 253 270 304 343 351 387 495
#508	173 253 270 276 304 343 351 387 442 495
#509	173 180 231 271 272 282 289 304 343 402 441 492
#510	173 180 231 271 272 282 289 304 343 402 441 492
#511	67 173 202 231 235 253 264 270 272 278 282 283 343 380 388 402 441
#512	67 173 202 231 235 253 264 270 272 276 278 282 283 343 380 388 402 441
#513	7 67 173 231 253 257 264 270 272 278 282 283 343 380 441
#514	7 67 173 231 253 257 264 270 272 276 278 282 283 343 380 441
#515	8 67 173 196 231 253 264 270 272 278 282 283 343 352 380 401 441
#516	8 67 173 196 231 253 264 270 272 276 278 282 283 343 352 380 401 441
#517	173 215 220 270 271 277 285 324 351 356 388 428 472 495
#518	173 215 220 270 271 277 285 324 351 356 388 428 472 495
#519	143 173 253 257 366
#520	143 173 253 257 366
#521	143 173 253 257 366
#522	173 289 324 340 351 393
#523	173 289 324 340 351 393
#524	173 334 335 356 414 446
#525	173 334 335 356 414 446
#526	173 276 334 335 356 414 442 446
#527	162 173 202 253 257 270 271 277 282 283 285 324 351 366 428 495
#528	143 162 173 202 253 257 270 271 277 282 283 285 324 351 366 428 495
#529	173 334 414 446 529
#530	173 334 393 414 442 446 529
#531	7 8 9 67 173 196 215 220 231 253 264 270 272 277 282 285 289 304 324 343 356 387 409 428 495
#532	7 8 9 67 173 264 270 276 282 335 409
#533	7 8 9 67 173 264 270 276 282 335 409
#534	7 8 9 67 173 264 270 276 282 335 409
#535	173 196 253 283 304 340 352 414 495
#536	173 196 253 264 283 304 340 352 380 414 446 495
#537	8 67 173 196 253 264 282 283 304 340 352 380 409 414 446 495
#538	7 8 9 20 67 173 220 264 270 276 282 335 428
#539	7 8 9 67 173 220 264 270 276 282 335 428 530
#540	173 202 235 277 324 334 388 402 450 527
#541	173 202 235 277 324 334 388 402 450 527
#542	173 202 215 235 270 277 282 324 334 388 402 450 527
#543	173 283 324 334 450
#544	173 283 324 334 450
#545	173 231 276 283 289 324 334 401 450
#546	173 202 270 282 283 343 366 388 402
#547	173 202 270 282 283 343 366 388 402
#548	173 202 215 235 270 343 388 402 495
#549	173 202 215 235 270 272 343 388 402 495
#550	173 196 253 276 283 340 401 428
#551	173 180 231 253 289 401 414 446 492
#552	67 173 180 231 253 264 282 289 401 414 446 492
#553	67 173 180 200 231 253 264 276 282 289 335 401 406 414 446 492
#554	7 173 253 257 264 276 283 289 428
#555	7 173 253 257 264 276 283 289 428
#556	173 202 235 253 270 282 283 304 340 388 402 409 495
#557	173 282 334 335 446 450
#558	173 282 334 335 446 450
#559	7 8 9 67 162 173 180 231 264 282 289 334 406 409 428 442 492 530
#560	7 8 9 67 162 173 180 200 231 264 282 289 334 406 409 428 442 492 530
#561	143 173 196 257 271 277 285 324 351 356 366 428 478
#562	173 180 220 271 272 277 282 285 289 334 335 351 428 472 495
#563	173 180 220 271 272 277 282 285 289 334 335 351 428 472 495
#564	173 196 231 282 334 335 352 401 414 428 446
#565	67 173 196 231 276 282 334 335 352 401 414 428 442 446
#566	173 231 253 257 282 283 334 340 366 401 406 414 428 446
#567	143 173 200 231 253 257 282 283 334 340 366 401 406 414 428 446
#568	173 180 202 220 278 402 409 441
#569	173 180 202 220 278 402 409 441
#570	173 180 253 271 282 289 304 340 343 492
#571	67 173 180 253 271 282 289 304 340 343 492
#572	173 231 253 270 282 304 343 351 387 401 402 441 495
#573	173 231 253 270 282 304 343 351 387 401 402 441 495
#574	173 215 253 270 271 272 277 278 285 289 324 343 351 356 428 478 492
#575	173 215 253 270 271 272 277 278 285 289 324 343 351 356 428 478 492
#576	173 215 253 270 271 272 277 278 285 289 324 343 351 356 428 478 492
#577	173 220 270 271 272 277 283 285 289 324 334 351 356 428 472 495
#578	173 220 270 271 272 277 283 285 289 324 334 351 356 428 472 495
#579	7 8 9 173 220 264 270 271 272 276 277 282 283 285 289 324 334 351 356 409 428 472 495
#580	173 196 253 283 352 366
#581	143 173 196 253 283 352 366
#582	173 196 253 277 324 334 352 393
#583	173 196 253 277 324 334 352 393
#584	173 196 253 277 324 334 352 393
#585	173 202 235 340 387 388 402
#586	173 202 235 340 387 388 402
#587	173 231 270 282 324 343 351 366 387 527
#588	173 202 282 324 334 450 529
#589	173 202 282 324 334 442 450 529
#590	173 202 235 380 388 402 492 495
#591	173 202 235 380 388 402 492 495
#592	20 173 180 196 202 220 271 277 351 352
#593	20 173 180 196 202 220 271 277 351 352
#594	173 196 220 270 277 282 340 352
#595	173 202 324 340 351 380 393 450 527
#596	173 202 324 340 351 380 393 450 527
#597	173 202 282 283 334 356 388 393 402 442 446
#598	173 202 282 283 334 335 356 388 393 402 442 446
#599	20 173 253 277 278 324 334 351 356 393
#600	20 173 253 277 278 324 334 351 356 393
#601	20 173 253 277 278 324 334 351 356 393
#602	393
#603	20 162 173 202 231 282 324 340 351 380 393 401
#604	7 9 20 162 173 200 202 231 264 276 282 324 340 351 380 393 401 406 409
#605	173 220 253 271 272 277 278 285 289 324 351 356 428 472 495
#606	173 220 253 271 272 277 278 285 289 324 351 356 428 472 495
#607	173 180 220 257 271 351
#608	173 180 220 257 271 351
#609	173 180 220 257 271 351
#610	173 200 231 276 283 351 401 406 434 530
#611	67 173 200 231 276 283 351 401 406 434 530
#612	67 173 200 231 276 283 351 401 406 434 530
#613	8 67 173 196 264 276 343 352
#614	8 67 173 196 264 276 343 352
#615	20 173 196 277 282 324 334 352
#616	173 202 324 380 450
#617	173 202 282 324 380 450
#618	173 180 220 253 283 340 351 352 393 401 414 446 492 527
#619	67 173 264 270 272 282 340 409 530
#620	67 173 264 270 272 282 340 409 530
#621	7 9 173 200 231 257 276 289 351 401 406 434 441 442 446
#622	7 8 9 67 173 196 264 276 277 324 334 335 351 356 409 414 446
#623	7 8 9 67 173 196 264 276 277 324 334 335 351 356 409 414 428 446
#624	67 173 180 272 282 289 334 393 442 446 492 530
#625	67 173 180 272 282 289 334 393 442 446 492 530
#626	173 200 253 276 283 428 442
#627	173 257 276 366
#628	143 173 257 276 366 428
#629	173 257 282 289 335 366 492
#630	143 173 257 282 289 335 366 492
#631	7 9 20 67 173 202 257 264 276 278 282 289 380 450
#632	173 276 283 334 442 450
#633	173 180 200 253 276 304 351 401 406 414 428 434
#634	173 180 200 253 276 304 351 401 406 414 428 434
#635	173 180 200 231 253 257 276 304 324 351 366 401 406 414 428 434
#636	173 202 257 324 393 428 450
#637	173 202 257 324 366 393 428 450
#638	173 270 276 334 335 340 393 428 442 446
#639	173 270 276 335 414 428 442 446
#640	173 202 235 270 276 335 340 388 402 428
#641	173 196 231 253 257 272 276 282 366 492
#642	9 173 231 253 272 276 282 351 492 527
#643	173 200 257 304 366 406 414 428 434
#644	9 173 200 304 324 351 366 393 406 414 428 434
#645	173 200 231 272 276 282 335 356 414 446
#646	173 196 200 283 304 324 406 414 428 434 442
#647	173 196 270 276 283 340 343 352 387 401
#648	7 8 9 67 173 215 253 264 270 271 272 277 278 282 285 289 304 324 343 351 356 387 409 428 472 478 530
#649	173 202 277 278 324 334 351 356 387 393 428 441 442 450 527
#650	9 67 162 173 202 220 231 235 264 270 276 283 334 388 402 409 428 442 520 530
#651	9 67 162 173 202 220 231 235 264 270 276 283 334 388 402 409 428 442 520 530
#652	9 67 162 173 202 220 231 235 264 270 276 283 334 335 338 388 402 409 428 442 520 530
#653	173 231 257 277 343 478 492 519
#654	7 9 67 173 231 257 271 277 278 285 289 343 351 428 472 478 492 519
#655	7 9 67 173 231 257 271 272 277 278 285 289 307 324 343 351 428 472 478 492 519
#656	173 180 196 272 289 340 352 518
#657	8 67 173 180 196 272 289 340 352 441 518
#658	8 67 173 180 196 272 289 308 340 352 441 518
#659	162 173 231 278 283 340 387 442
#660	7 8 9 67 162 173 231 253 264 276 278 282 283 289 340 380 387 414 441 442 492
#661	173 257 289 366
#662	173 257 289 366
#663	173 257 289 366
#664	450
#665	334 450 527
#666	173 202 283 324 366 450 527
#667	173 231 257 270 283 289 304
#668	173 231 257 270 283 289 304 340
#669	173 202 215 235 270 277 283 343 388 402 495
#670	173 202 215 235 270 277 283 343 388 402 495
#671	173 202 215 235 270 277 283 343 388 402 495
#672	173 202 231 235 388 402 428
#673	173 202 231 235 276 340 388 402 428
#674	7 8 9 67 173 180 253 264 270 276 282 283 289 304 335 343 409 428 441 442 492 530
#675	7 8 9 67 173 180 200 253 264 270 276 282 283 289 304 335 343 409 428 441 442 492 530
#676	173 231 253 270 272 283 304 387 428
#677	173 215 231 270 271 272 277 278 289 324 343 351 356 428 472 478
#678	173 215 231 270 271 272 277 278 289 324 343 351 356 428 472 478
#679	173 180 334 351 393 442 495
#680	173 180 334 351 393 442 495
#681	173 180 334 335 351 393 442 495
#682	173 215 270 277 283 285 343 495
#683	173 215 270 277 283 285 343 409 495
#684	173 215 270 277 283 343 380 495
#685	173 215 270 277 283 343 380 409 495
#686	20 173 180 272 276 282 289 492
#687	20 173 180 272 276 282 289 324 335 492
#688	173 196 270 283 334 352 446 530
#689	67 173 196 270 276 283 334 352 414 446 530
#690	173 196 200 231 340 351 352 401 406 441
#691	173 196 200 231 340 351 352 401 406 434 441
#692	173 196 231 270 340 352 401 406
#693	173 196 231 270 340 352 401 406
#694	173 231 324 351 393 527
#695	7 9 67 173 231 304 324 351 393 406 527
#696	173 200 231 276 304 334 335 406 414 428 434 442 446
#697	173 200 231 276 304 334 335 406 414 428 434 442 446
#698	173 196 200 231 304 334 352 393 401 414 428 442 446
#699	173 196 200 231 304 334 352 393 401 414 428 442 446
#700	173 215 231 270 277 285 304 343 387
#701	7 9 67 143 173 264 270 276 283 340 366 387 409 428 442 530
#702	9 162 173 231 270 278 324 343 351 387 393 527
#703	173 277 285 334 343 356 393 414 446 472 495
#704	173 200 231 351 352 406 434
#705	173 200 231 351 352 406 434
#706	7 9 173 200 231 264 276 351 352 401 406 434
#707	173 277 278 334 343 387 393 478 492
#708	173 180 202 220 271 272 277 285 388 402 492
#709	173 180 202 220 271 272 277 285 335 388 402 409 492
#710	180 202 220 235 271 272 277 285 388 402 492
#711	180 202 220 235 271 272 277 285 388 402 492
#712	173 196 334 352 495
#713	173 196 276 334 335 352 442 495
#714	143 162 173 200 231 253 257 289 304 352 366 406 434
#715	143 162 173 200 231 253 257 289 304 352 366 406 434
#716	173 200 283 304 335 356 428 472
#717	143 173 257 282 304 335 366 428 492
#718	20 173 180 200 220 231 276 304 335 351 406 414 428 434
#719	173 215 270 283 285 334 343 356 387 393 414 446 472 495
#720	7 8 9 173 253 264 271 272 277 278 282 285 289 324 335 343 351 356 387 409 428 441 472 478 492 530
#721	173 257 276 352 414
#10001	20 67 173 264 271 272 276 277 278 285 289 324 351 352 356 409 428 446 472
#386-2	20 67 173 264 271 272 277 278 282 285 289 324 334 351 352 356 409 428 446 472
#386-3	7 8 9 20 67 173 264 271 272 277 278 282 285 289 324 351 352 356 409 428 446 472
#413-1	173 253 283 285 324 414 446 450 527
#413-2	173 253 283 285 324 334 393 441 442 446 450 527
#492-1	173 202 235 343 366 387 388 402 428
#487-1	173 180 196 200 231 277 304 351 356 366 401 406 414 434 442
#479-1	173 180 220 253 271 289 324 351 492 527
#479-2	173 180 220 253 271 289 324 351 492 527
#479-3	173 180 220 253 271 289 324 351 492 527
#479-4	173 180 220 253 271 289 324 351 492 527
#479-5	173 180 220 253 271 289 324 351 492 527
#351-1	173 196 351 352 366 387
#351-2	173 196 351 352 366 387
#351-3	173 196 351 352 366 387
#550-1	173 196 253 276 283 340 401 428
#555-1	7 173 253 257 264 276 283 289 428
#648-1	7 8 9 67 173 215 253 264 270 271 272 277 278 282 285 289 304 324 343 351 356 387 409 428 472 478 530
#641-1	173 196 231 253 257 272 276 282 366 492
#642-1	9 173 231 253 272 276 282 351 492 527
#645-1	173 200 231 272 276 282 335 356 414 446
#646-1	173 196 200 283 304 324 406 414 428 434 442
#646-2	173 196 200 283 304 324 406 414 428 434 442
#647-1	173 196 270 276 283 340 343 352 387 401
#678-1	173 215 231 271 272 277 278 289 324 343 351 356 428 472 478
#681-1	173 180 334 335 351 393 442 495
#710-1	180 202 220 235 271 272 277 285 388 402 492
#710-2	180 202 220 235 271 272 277 285 388 402 492
#710-3	180 202 220 235 271 272 277 285 388 402 492
#711-1	180 202 220 235 271 272 277 285 388 402 492
#711-2	180 202 220 235 271 272 277 285 388 402 492
#711-3	180 202 220 235 271 272 277 285 388 402 492
#003-1	20 173 200 202 235 282 335 338 388 402 520
#006-1	7 9 173 200 231 257 264 307 366 406 519
#006-2	7 9 173 200 231 257 264 307 366 406 519
#009-1	8 173 196 200 231 264 308 324 334 352 401 406 428 518
#065-1	7 8 9 173 231 264 271 272 277 278 282 285 289 324 351 356 409 428 472 478 492
#094-1	7 8 9 173 180 196 202 220 253 264 271 272 282 285 289 409 472 492
#115-1	7 8 9 67 173 180 196 200 231 253 264 270 283 343 351 352 401 409
#127-1	20 173 264 276 282 334 446 450
#130-1	173 180 196 200 231 253 340 352 401 406 442
#142-1	143 173 231 257 366 401 406 414 442 446
#150-1	7 8 9 67 173 196 231 264 271 272 277 278 285 289 324 351 352 356 401 409 428 472 478 492
#150-2	7 8 9 67 173 196 231 264 271 272 277 278 285 289 324 351 352 356 401 409 428 472 478 492
#181-1	7 9 173 200 215 231 264 324 351 393 406 495 527
#212-1	173 276 282 334 366 442 450
#214-1	67 173 264 270 282 334 450
#229-1	162 173 180 231 253 257 272 289 304 492
#248-1	7 8 9 67 173 180 200 231 253 264 276 334 335 351 352 401 406 414 442 446 492
#257-1	7 9 67 173 257 264 270 272 276 282 307 340 387 519 530
#282-1	7 8 9 173 196 215 220 270 271 277 278 285 289 304 324 351 428 472 478
#303-1	8 9 162 173 196 220 264 282 289 334 387 393 442 446 492
#306-1	7 8 9 67 173 180 196 200 231 253 264 276 283 334 335 351 352 393 401 406 414 442 446
#308-1	7 8 9 67 173 220 264 270 271 272 277 278 324 356 409 428
#310-1	173 231 253 324 351 393
#354-1	173 180 196 220 271 272 277 282 285 289 351 478 492
#359-1	173 180 196 231 272 276 277 282 289 340 351 352 428 492
#445-1	173 200 231 401 406 414 434 442 446 530
#448-1	8 9 67 173 231 264 270 272 334 352 393 406 409 428 530
#460-1	8 173 196 200 202 231 235 264 272 335 352 388 402
#670-1	173 202 215 235 270 277 283 343 388 402 495
#380-1	173 196 200 270 271 272 277 343 351 352 366 387 406 428 434 478
#381-1	173 196 200 270 271 277 351 352 366 387 406 428 434 472
#260-1	8 67 173 196 200 231 253 264 276 283 308 352 401 414 446 518
#254-1	9 67 173 200 202 231 235 264 283 338 388 402 406 409 520 530
#302-1	7 8 9 67 173 180 196 220 264 271 272 277 282 289 324 351 352 356 428 472 492
#334-1	143 173 200 215 231 253 257 304 366 406 434 472
#475-1	7 8 9 67 173 220 264 270 271 277 278 282 285 289 304 324 351 409 428 472 478 530
#531-1	7 8 9 67 173 196 215 220 231 253 264 270 272 277 282 285 289 304 324 343 356 387 409 428 495
#319-1	162 173 180 196 253 340 352 428
#080-1	8 173 196 231 264 271 277 278 285 324 334 335 352 401 409 428 472 492 495
#208-1	20 173 231 335 393 401 406 414 442 446
#018-1	143 173 253 257 366
#362-1	162 173 180 196 324 335 352 442
#719-1	173 215 270 283 285 334 343 356 387 393 414 446 472 495
#376-1	8 9 173 196 271 324 334 335 356 393 428 442 446
#382-1	173 196 253 324 335 351 352 401 442
#383-1	7 9 173 231 253 335 351 406 414 442 446
#384-1	20 173 196 200 231 253 304 351 352 366 401 406 414 434 442 620
#025-1	9 173 231 264 270 282 324 343 351 393 527
#025-2	9 173 231 264 270 282 324 343 351 393 527
#025-3	9 173 231 264 270 282 324 343 351 393 527
#025-4	9 173 231 264 270 282 324 343 351 393 527
#025-5	9 173 231 264 270 282 324 343 351 393 527
#025-6	9 173 231 264 270 282 324 343 351 393 527
#720-1	7 8 9 173 253 264 271 272 277 278 282 285 289 324 335 343 351 356 387 409 428 441 472 478 492 530
#323-1	173 257 414 442 446 495
#428-1	7 8 9 67 173 215 231 253 264 270 277 283 304 340 343 351 352 387 409 495
#373-1	173 200 231 257 304 366 401 406 428 434
#015-1	173 202 282 283 366 450 527 529
