#001	13 80 113 130 204 219
#004	44 157 187 200 246 251
#007	54 93 114 175 193 243
#016	185 193 211 228
#019	44 68 103 154 172 179
#021	98 161 184 185 206
#023	21 180 228 251
#027	68 175 219 229
#029	36 48 50 68 116 204 251
#032	36 48 50 68 93 133 251
#037	50 95 175 180 185
#041	16 18 98 185 228
#043	14 75 175 204 235
#046	60 68 103 113 175 206 228 230
#048	103 202 226
#050	103 185 228 246 251
#052	95 133 180 204
#054	58 60 94 95 113 193 248
#056	68 96 157 179 193 251
#058	34 37 83 219 242
#060	54 61 114 150 170
#063	112 113 227
#066	27 96 113 227
#069	14 115 141 227 235
#072	62 114 219 229 243
#074	5 157
#077	24 37 95 98 172 204
#079	23 187 219 248
#083	16 98 119 175 193 211
#084	48 98 114 175 185
#086	21 50 64 122 195 227
#088	114 122 212
#090	36 61 103 112 229
#092	114 149 195
#095	157 175
#096	112 113
#098	21 91 114 133 175
#102	72 115 235 236 246
#104	103 130 157 187 195 246
#108	34 187 222
#109	60 103 149 194 220
#111	37 68 157 179 222 228 242
#113	118 215 217
#114	72 93 115 133 175
#115	23 50 116 193 219
#116	50 62 82 150 175 190
#118	56 60 114
#120	48 62 112
#122	95 102 248
#123	13 68 113 179 219 226
#127	31 175
#131	62 193
#133	175 204
#138	21 48 61 62 114
#140	61 62 91 175 229
#142	18 193 211 228
#143	122 204
#147	48 54 113 114
#152	22 68 73 175 246
#155	37 98 154 179 193
#158	13 37 56 157 242 246
#161	38 116 163 179 228
#163	17 18 48 119 185
#165	60 113 117
#167	49 50 60 226 228
#170	48 103 175
#172	3 117 179 217 227
#173	102 118 133 150 187 217
#174	185 195 217
#175	64 119 193 217 248
#177	65 98 114 185 211
#179	34 36 85 103 115 219
#183	48 113 133 187 193 195 217 248
#185	120
#187	6 38 45 93 115 133 227
#190	3 21 68 97 103 180 228 251
#193	18 141 179
#194	34 219 246
#198	17 18 65 98 119
#200	103 194
#203	36 133 193 248 251
#204	42 115 129 175
#206	44 99 117 157 246
#207	13 17 68 232
#209	43 115 118 122 185 215 217 242
#211	48 61 114 175
#213	230
#214	106 117 175
#215	44 68 115 180 193
#216	36 68 69 116 242
#218	151
#220	34 36 44 157 246
#222	54 103 133 157 219
#223	48 62 103 114 190
#225	62 98 150 229 248
#226	21 56 114 239
#227	18 65 228
#228	68 83 99 179 180 228 251
#231	34 116 246
#234	44 50 113 115 180
#236	136 170 183 229
#238	96 142
#239	2 27 96 112
#240	2 5 103 112
#241	69 179 217
#246	23 116 200 228 246
