#001	15 29 76 92 104 111 148 156 173 174 182 189 202 203 207 210 213 214 216 218 230 237 241
#002	15 29 76 92 104 111 148 156 173 174 182 189 202 203 207 210 213 214 216 218 230 237 241
#003	15 29 46 63 76 92 104 111 148 156 173 174 182 189 202 203 207 210 213 214 216 218 230 237 241
#004	7 15 29 70 91 92 104 111 126 129 156 173 174 182 189 203 207 210 213 214 216 218 223 225 231 237 241 249
#005	7 15 29 70 91 92 104 111 126 129 156 173 174 182 189 203 207 210 213 214 216 218 223 225 231 237 241 249
#006	7 15 19 29 46 63 70 89 91 92 104 111 126 129 156 173 174 182 189 201 203 207 210 211 213 214 216 218 223 225 231 237 241 249
#007	8 29 57 59 70 91 92 104 111 127 156 173 174 182 189 196 203 205 207 213 214 216 218 223 231 237 240 249 250
#008	8 29 57 59 70 91 92 104 111 127 156 173 174 182 189 196 203 205 207 213 214 216 218 223 231 237 240 249 250
#009	8 29 46 57 59 63 70 89 91 92 104 111 127 156 173 174 182 189 196 203 205 207 213 214 216 218 223 231 237 240 249 250
#012	63 76 92 94 104 129 148 156 171 173 174 182 202 203 207 213 214 216 218 230 237 241
#015	15 63 92 104 129 156 173 174 182 188 202 203 207 210 213 214 216 218 230 237 241
#016	19 92 104 129 156 168 173 174 182 189 197 203 207 211 213 214 216 218 237 241
#017	19 92 104 129 156 168 173 174 182 189 197 203 207 211 213 214 216 218 237 241
#018	19 63 92 104 129 156 168 173 174 182 189 197 203 207 211 213 214 216 218 237 241
#019	29 59 87 91 92 104 111 129 156 168 173 174 182 189 196 203 207 213 214 216 218 231 237 241 247 249
#020	15 29 46 59 63 70 87 91 92 104 111 129 156 168 173 174 182 189 196 203 207 213 214 216 218 231 237 241 247 249
#021	19 92 104 129 156 168 173 174 182 189 197 203 207 211 213 214 216 218 237 241
#022	19 63 92 104 129 156 168 173 174 182 189 197 203 207 211 213 214 216 218 237 241
#023	29 70 89 91 92 104 156 168 173 174 182 188 202 203 207 213 214 216 218 237 241
#024	29 63 70 89 91 92 104 156 168 173 174 182 188 202 203 207 213 214 216 218 237 241
#025	9 29 70 87 92 104 111 129 148 156 173 174 182 189 192 197 203 205 207 213 214 216 218 223 231 237 240
#026	9 29 63 70 87 92 104 111 129 148 156 168 173 174 182 189 192 197 203 205 207 213 214 216 218 223 231 237 240
#027	15 29 70 89 91 92 104 111 129 156 168 173 174 182 189 197 201 203 205 207 210 213 214 216 218 223 231 237 241 249
#028	15 29 63 70 89 91 92 104 111 129 156 168 173 174 182 189 197 201 203 205 207 210 213 214 216 218 223 231 237 241 249
#029	29 59 87 92 104 111 156 168 173 174 182 189 197 203 207 213 214 216 218 231 237 240 241
#030	29 59 70 87 92 104 111 156 168 173 174 182 189 197 203 207 213 214 216 218 231 237 240 241 249
#031	7 8 9 29 46 57 59 63 70 87 89 92 104 111 126 156 168 173 174 182 189 196 197 201 203 207 210 213 214 216 218 223 231 237 240 241 247 249
#032	29 59 87 92 104 111 156 168 173 174 182 189 197 203 207 213 214 216 218 231 237 240 241
#033	29 59 70 87 92 104 111 156 168 173 174 182 189 197 203 207 213 214 216 218 231 237 240 241 249
#034	7 8 9 29 46 57 59 63 70 87 89 92 104 111 126 156 168 173 174 182 189 196 197 201 203 207 210 213 214 216 218 223 231 237 240 241 247 249
#035	7 8 9 29 59 70 76 87 92 94 104 111 126 138 148 156 171 173 174 182 189 192 197 203 205 207 213 214 216 218 223 231 237 240 241 244 247
#036	7 8 9 29 59 63 70 76 87 92 94 104 111 126 138 148 156 171 173 174 182 189 192 197 203 205 207 213 214 216 218 223 231 237 240 241 244 247
#037	29 91 92 104 126 129 156 173 174 182 203 207 213 214 216 218 231 237 241
#038	29 46 63 91 92 104 126 129 156 173 174 182 203 207 213 214 216 218 231 237 241
#039	7 8 9 29 59 70 76 87 92 94 104 111 126 138 148 156 171 173 174 182 189 192 197 203 205 207 213 214 216 218 223 237 240 241 244 247
#040	7 8 9 29 59 63 70 76 87 92 94 104 111 126 138 148 156 171 173 174 182 189 192 197 203 205 207 213 214 216 218 223 237 240 241 244 247
#041	92 104 129 156 168 173 174 182 197 202 203 207 211 213 214 216 218 237 241
#042	63 92 104 129 156 168 173 174 182 197 202 203 207 211 213 214 216 218 237 241
#043	15 76 92 104 148 156 173 174 182 188 202 203 207 213 214 216 218 230 237 241
#044	15 76 92 104 148 156 173 174 182 188 202 203 207 213 214 216 218 230 237 241
#045	15 63 76 92 104 148 156 173 174 182 188 202 203 207 213 214 216 218 230 237 241
#046	15 76 91 92 104 148 156 168 173 174 182 188 202 203 207 210 213 214 216 218 230 237 241 249
#047	15 63 76 91 92 104 148 156 168 173 174 182 188 202 203 207 210 213 214 216 218 230 237 241 249
#048	76 92 94 104 129 156 168 173 174 182 188 202 203 207 213 214 216 218 230 237 241
#049	63 76 92 94 104 129 148 156 168 173 174 182 188 202 203 207 213 214 216 218 230 237 241
#050	15 89 91 92 104 156 168 173 174 182 188 189 203 207 213 214 216 218 237 241 249
#051	15 63 89 91 92 104 156 168 173 174 182 188 189 203 207 213 214 216 218 237 241 249
#052	29 87 92 104 111 129 138 156 168 171 173 174 182 189 192 196 197 203 207 213 214 216 218 231 237 241 244 247
#053	29 46 63 87 92 104 111 129 138 156 168 171 173 174 182 189 192 196 197 203 207 213 214 216 218 231 237 241 244 247
#054	8 29 57 59 70 91 92 104 127 129 148 156 173 174 182 189 196 203 207 213 214 216 218 223 231 237 240 244 249 250
#055	8 29 57 59 63 70 91 92 104 127 129 148 156 173 174 182 189 196 203 207 210 213 214 216 218 223 231 237 240 244 249 250
#056	7 8 9 29 70 87 91 92 104 111 129 156 168 173 174 182 189 197 203 207 213 214 216 218 223 231 237 241 244 249
#057	7 8 9 29 63 70 87 91 92 104 111 129 156 168 173 174 182 189 197 203 207 213 214 216 218 223 231 237 241 244 249
#058	29 46 91 92 104 126 129 156 173 174 182 203 207 213 214 216 218 225 231 237 241 249
#059	29 46 63 91 92 104 126 129 156 173 174 182 203 207 213 214 216 218 225 231 237 241 249
#060	29 57 59 92 94 104 111 127 156 168 173 174 182 196 203 207 213 214 216 218 237 240 250
#061	8 29 57 59 70 89 92 94 104 111 127 156 168 173 174 182 189 196 197 203 207 213 214 216 218 237 240 249 250
#062	8 29 57 59 63 70 89 92 94 104 111 127 156 168 173 174 182 189 196 197 203 207 213 214 216 218 223 237 240 249 250
#063	7 8 9 29 92 94 104 138 148 156 168 171 173 174 182 192 203 207 213 214 216 218 223 237 240 241 244 247
#064	7 8 9 29 91 92 94 104 138 148 156 168 171 173 174 182 192 203 207 213 214 216 218 223 237 240 241 244 247
#065	7 8 9 29 63 91 92 94 104 138 148 156 168 171 173 174 182 192 203 207 213 214 216 218 223 237 240 241 244 247
#066	7 8 9 29 70 89 91 92 104 126 156 168 173 174 182 189 197 203 207 213 214 216 218 223 237 241 249
#067	7 8 9 29 70 89 91 92 104 126 156 168 173 174 182 189 197 203 207 213 214 216 218 223 237 241 249
#068	7 8 9 29 63 70 89 91 92 104 126 156 168 173 174 182 189 197 203 207 213 214 216 218 223 237 241 249
#069	15 76 92 104 148 156 173 174 182 188 202 203 207 213 214 216 218 230 237 241
#070	15 76 92 104 148 156 173 174 182 188 202 203 207 213 214 216 218 230 237 241
#071	15 63 76 92 104 148 156 173 174 182 188 202 203 207 213 214 216 218 230 237 241
#072	15 57 59 92 104 156 173 174 182 188 196 202 203 207 213 214 216 218 237 240 250
#073	15 57 59 63 92 104 156 173 174 182 188 196 202 203 207 213 214 216 218 237 240 250
#074	7 29 70 89 91 92 104 111 126 156 173 174 182 189 201 203 205 207 213 214 216 218 223 237 241 249
#075	7 29 70 89 91 92 104 111 126 156 173 174 182 189 201 203 205 207 213 214 216 218 223 237 241 249
#076	7 29 46 63 70 89 91 92 104 111 126 156 173 174 182 189 201 203 205 207 210 213 214 216 218 223 237 241 249
#077	29 92 104 126 129 156 173 174 182 203 207 213 214 216 218 231 237 241
#078	29 63 92 104 126 129 156 173 174 182 203 207 213 214 216 218 231 237 241
#079	29 57 59 70 89 91 92 94 104 126 129 138 148 156 171 173 174 182 189 192 196 203 207 213 214 216 218 231 237 240 241 244 247
#080	8 29 57 59 63 70 89 91 92 94 104 126 129 138 148 156 171 173 174 182 189 192 196 203 207 210 213 214 216 218 223 231 237 240 241 244 247 249
#081	87 92 104 129 148 156 173 174 182 192 203 205 207 214 216 218 237 240
#082	63 87 92 104 129 148 156 173 174 182 192 203 205 207 214 216 218 237 240
#083	15 19 29 92 104 129 156 168 173 174 182 189 197 203 207 211 213 214 216 218 231 237 241 244
#084	19 92 104 129 156 168 173 174 182 189 203 207 211 213 214 216 218 237 241
#085	19 63 92 104 129 156 168 173 174 182 189 203 207 211 213 214 216 218 237 241
#086	29 57 59 92 104 127 156 173 174 182 196 203 207 213 214 216 218 237 240 250
#087	29 57 59 63 92 104 127 156 173 174 182 196 203 207 213 214 216 218 237 240 250
#088	7 8 9 87 92 104 126 156 168 173 174 182 188 189 192 202 203 207 213 214 216 218 223 237 241
#089	7 8 9 63 87 92 104 126 156 168 173 174 182 188 189 192 202 203 207 213 214 216 218 223 237 241
#090	57 59 92 104 129 156 173 174 182 196 203 207 213 214 216 218 237 240 250
#091	57 59 63 92 104 129 156 173 174 182 196 203 207 213 214 216 218 237 240 250
#092	87 92 94 104 138 156 168 171 173 174 182 192 202 203 207 213 214 216 218 237 240 241 244 247
#093	87 92 94 104 138 156 168 171 173 174 182 192 202 203 207 213 214 216 218 237 240 241 244 247
#094	7 8 9 29 63 70 87 92 94 104 138 156 168 171 173 174 182 192 202 203 207 213 214 216 218 223 237 240 241 244 247 249
#095	29 46 70 89 91 92 104 156 173 174 182 189 201 203 207 213 214 216 218 231 237 241 249
#096	7 8 9 29 92 94 104 138 148 156 171 173 174 182 192 203 207 213 214 216 218 223 237 240 241 244 247
#097	7 8 9 29 63 92 94 104 138 148 156 171 173 174 182 192 203 207 213 214 216 218 223 237 240 241 244 247
#098	15 57 59 70 92 104 156 168 173 174 182 189 196 203 207 210 213 214 216 218 237 240 249 250
#099	15 57 59 63 70 92 104 156 168 173 174 182 189 196 203 207 210 213 214 216 218 237 240 249 250
#100	29 87 92 104 129 148 156 173 174 182 192 203 205 207 214 216 218 237 240
#101	29 63 87 92 104 129 148 156 173 174 182 192 203 205 207 214 216 218 237 240
#102	70 76 92 94 104 138 148 156 168 171 173 174 182 188 202 203 205 207 213 214 216 218 237 241 244
#103	29 63 70 76 92 94 104 138 148 156 168 171 173 174 182 188 202 203 205 207 213 214 216 218 237 241 244
#104	7 9 29 59 70 89 91 92 104 126 156 168 173 174 182 189 196 197 201 203 207 213 214 216 218 223 231 237 241 249
#105	7 9 29 59 63 70 89 91 92 104 126 156 168 173 174 182 189 196 197 201 203 207 213 214 216 218 223 231 237 241 249
#106	29 70 92 104 129 156 168 173 174 182 189 197 203 207 213 214 216 218 223 237 241 249
#107	7 8 9 29 70 92 104 129 156 168 173 174 182 189 197 203 207 213 214 216 218 223 237 241 249
#108	7 8 9 15 29 57 59 63 70 87 89 92 104 111 126 138 156 168 171 173 174 182 189 196 201 203 205 207 213 214 216 218 223 231 237 240 241 244 247 249
#109	87 92 104 126 156 168 173 174 182 188 192 203 205 207 213 214 216 218 237 241
#110	63 87 92 104 126 156 168 173 174 182 188 192 203 205 207 213 214 216 218 237 241
#111	29 46 59 70 87 89 91 92 104 126 156 173 174 182 189 192 196 201 203 205 207 213 214 216 218 231 237 241 249
#112	7 9 29 46 57 59 63 70 87 89 91 92 104 126 156 173 174 182 189 192 196 201 203 205 207 210 213 214 216 218 223 231 237 241 249
#113	29 59 63 70 76 87 92 94 104 111 126 138 148 156 173 174 182 189 192 196 201 203 205 207 213 214 216 218 223 231 237 240 241 244 247 249
#114	15 29 63 76 92 104 148 156 168 173 174 182 188 202 203 207 213 214 216 218 230 237 241 244
#115	7 8 9 29 46 57 59 63 70 87 89 92 104 126 156 173 174 182 189 192 196 201 203 207 210 213 214 216 218 223 231 237 240 241 247 249
#116	29 57 59 92 104 127 129 156 173 174 182 196 203 207 213 214 216 218 225 237 240 250
#117	29 57 59 63 92 104 127 129 156 173 174 182 196 203 207 213 214 216 218 225 237 240 250
#118	57 59 92 104 127 129 156 173 174 182 196 203 207 213 214 216 218 237 240
#119	57 59 63 92 104 127 129 156 173 174 182 196 203 207 213 214 216 218 237 240
#120	57 59 87 92 94 104 127 129 148 156 173 174 182 192 196 203 207 213 214 216 218 237 240 244 250
#121	57 59 63 87 92 94 104 127 129 138 148 156 171 173 174 182 192 196 203 207 213 214 216 218 237 240 244 250
#122	7 8 9 29 63 76 87 92 94 104 138 148 156 168 171 173 174 182 189 192 203 207 213 214 216 218 223 237 241 244 247
#123	15 29 63 92 104 129 156 168 173 174 182 197 203 207 210 211 213 214 216 218 237 241 249
#124	8 29 59 63 92 94 104 138 156 168 171 173 174 182 189 196 203 207 213 214 216 218 223 230 237 240 244 247
#125	7 8 9 29 63 70 87 92 94 104 129 148 156 168 173 174 182 189 192 197 203 207 213 214 216 218 223 231 237 240 249
#126	7 9 29 63 70 92 94 104 126 156 168 173 174 182 189 197 203 207 213 214 216 218 223 231 237 241 249
#127	15 29 63 70 92 104 156 168 173 174 182 203 207 210 213 214 216 218 237 241 249
#128	29 57 59 63 70 87 89 92 104 126 156 173 174 182 192 196 203 207 213 214 216 218 231 237 241 249
#130	29 46 57 59 63 70 87 92 104 126 127 156 173 174 182 192 196 201 203 207 213 214 216 218 225 237 240 249 250
#131	29 57 59 63 70 87 92 94 104 138 156 171 173 174 182 192 196 203 207 213 214 216 218 225 231 237 240 249 250
#133	29 92 104 129 156 173 174 182 189 197 203 207 213 214 216 218 231 237 240 241 247
#134	29 46 57 59 63 92 104 127 129 156 173 174 182 189 196 197 203 207 213 214 216 218 231 237 240 241 247 250
#135	29 46 63 87 92 104 129 148 156 173 174 182 189 192 197 203 207 213 214 216 218 231 237 240 241 247
#136	29 46 63 92 104 126 129 156 173 174 182 189 192 197 203 207 213 214 216 218 231 237 240 241 247
#137	59 63 87 92 94 104 129 138 148 156 168 171 173 174 182 192 196 203 207 214 216 218 231 237 240 241 244
#138	29 57 59 92 104 156 168 173 174 182 196 201 203 205 207 213 214 216 218 237 240 249 250
#139	29 57 59 63 92 104 156 168 173 174 182 196 201 203 205 207 213 214 216 218 237 240 249 250
#140	59 92 104 156 168 173 174 182 196 201 202 203 205 207 213 214 216 218 237 240 249
#141	15 29 57 59 63 92 104 156 168 173 174 182 196 201 202 203 205 207 210 213 214 216 218 237 240 249 250
#142	19 29 46 63 89 92 104 126 129 156 173 174 182 197 201 203 207 211 213 214 216 218 225 231 237 240 249
#143	7 8 9 29 57 59 63 70 76 87 89 92 94 104 111 126 156 173 174 182 189 192 196 201 203 205 207 213 214 216 218 223 237 240 241 244 247 249
#144	19 46 59 63 92 104 129 156 173 174 182 189 196 197 201 203 207 211 214 216 218 237 240 241 249
#145	19 46 63 87 92 104 129 148 156 173 174 182 189 192 197 201 203 207 211 214 216 218 237 240 241 249
#146	19 46 63 92 104 126 129 156 173 174 182 189 197 201 203 207 211 214 216 218 237 240 241 249
#147	29 57 59 87 92 104 126 127 129 156 173 174 182 192 196 197 203 207 213 214 216 218 225 231 237 240
#148	29 57 59 87 92 104 126 127 129 156 173 174 182 192 196 197 203 207 213 214 216 218 225 231 237 240
#149	7 8 9 19 29 57 59 63 70 87 92 104 126 127 129 156 173 174 182 189 192 196 197 201 203 207 210 211 213 214 216 218 223 225 231 237 240 249 250
#150	7 8 9 29 59 63 70 76 87 92 94 104 126 129 138 148 156 171 173 174 182 189 192 196 197 203 207 214 216 218 223 231 237 240 241 244 247 249
#151	7 8 9 15 19 29 46 57 59 63 70 76 87 89 91 92 94 104 111 126 127 129 138 148 156 168 171 173 174 182 188 189 192 196 197 201 202 203 205 207 210 211 213 214 216 218 223 225 230 231 237 240 241 244 247 249 250
#152	15 29 76 92 104 148 156 173 174 182 189 197 202 203 207 213 214 216 218 230 231 237 241
#153	15 29 70 76 92 104 148 156 173 174 182 189 197 202 203 207 210 213 214 216 218 230 231 237 241 249
#154	15 29 63 70 76 89 92 104 148 156 173 174 182 189 197 202 203 207 210 213 214 216 218 230 231 237 241 249
#155	15 29 91 92 104 111 126 129 156 173 174 182 189 197 203 205 207 213 214 216 218 231 237 241
#156	15 29 46 70 91 92 104 111 126 129 156 173 174 182 189 197 203 205 207 210 213 214 216 218 231 237 241 249
#157	7 9 15 29 46 63 70 89 91 92 104 111 126 129 156 173 174 182 189 197 203 205 207 210 213 214 216 218 223 231 237 241 249
#158	8 15 29 57 59 91 92 104 156 173 174 182 189 196 197 203 207 213 214 216 218 223 231 237 240 250
#159	8 15 29 46 57 59 70 91 92 104 156 173 174 182 189 196 197 203 207 210 213 214 216 218 223 231 237 240 249 250
#160	8 15 29 46 57 59 63 70 89 91 92 104 156 173 174 182 189 196 197 203 207 210 213 214 216 218 223 231 237 240 249 250
#161	7 8 9 15 29 57 91 92 104 111 129 156 168 173 174 182 189 197 203 205 207 210 213 214 216 218 223 231 237 241 247
#162	7 8 9 15 29 57 63 70 91 92 104 111 129 156 168 173 174 182 189 197 203 205 207 210 213 214 216 218 223 231 237 241 247
#163	19 92 104 129 138 148 156 168 171 173 174 182 189 197 203 207 211 213 214 216 218 237 241
#164	19 63 92 104 129 138 148 156 168 171 173 174 182 189 197 203 207 211 213 214 216 218 237 241
#165	8 9 29 76 91 92 104 129 148 156 168 173 174 182 202 203 205 207 213 214 216 218 223 230 237 241
#166	8 9 29 63 76 91 92 104 129 148 156 168 173 174 182 202 203 205 207 213 214 216 218 223 230 237 241
#167	76 91 92 94 104 148 156 168 173 174 182 188 202 203 207 213 214 216 218 237 241
#168	63 76 91 92 94 104 148 156 168 173 174 182 188 202 203 207 213 214 216 218 237 241
#169	19 63 92 104 129 156 168 173 174 182 197 202 203 207 211 213 214 216 218 237 241
#170	57 87 92 104 127 148 156 173 174 182 192 203 207 213 214 216 218 237 240 250
#171	57 63 87 92 104 127 148 156 173 174 182 192 203 207 213 214 216 218 237 240 250
#172	29 87 92 104 111 129 148 156 173 174 182 189 192 197 203 205 207 213 214 216 218 231 237 240
#173	29 76 92 94 104 111 126 138 148 156 171 173 174 182 189 192 196 197 203 205 207 213 214 216 218 231 237 240 241 244 247
#174	29 76 92 94 104 111 126 138 148 156 171 173 174 182 189 192 196 197 203 205 207 213 214 216 218 237 240 241 244 247
#175	29 76 92 94 104 111 126 129 138 148 156 173 174 182 189 192 197 203 205 207 213 214 216 218 237 240 241 244 247 249
#176	19 29 63 76 92 94 104 111 126 129 138 148 156 173 174 182 189 192 197 203 205 207 211 213 214 216 218 237 240 241 244 247 249
#177	76 92 94 104 129 138 148 156 168 171 173 174 182 197 202 203 207 213 214 216 218 237 241 244
#178	19 63 76 92 94 104 129 138 148 156 168 171 173 174 182 197 202 203 207 213 214 216 218 237 241 244
#179	29 87 92 104 111 129 148 156 173 174 182 192 203 207 213 214 216 218 231 237 240
#180	7 9 29 70 87 92 104 111 129 148 156 173 174 182 192 203 207 213 214 216 218 223 231 237 240 249
#181	7 9 29 63 70 87 92 104 111 129 148 156 173 174 182 192 203 207 213 214 216 218 223 231 237 240 249
#182	15 63 76 92 104 148 156 173 174 182 202 203 207 213 214 216 218 230 237 241
#183	8 29 57 59 92 104 111 127 129 156 173 174 182 189 196 203 205 207 213 214 216 218 223 231 237 240 250
#184	8 29 57 59 63 70 92 104 111 127 129 156 173 174 182 189 196 203 205 207 213 214 216 218 223 231 237 240 249 250
#185	7 8 9 29 70 89 91 92 104 111 156 168 173 174 182 189 201 203 205 207 213 214 216 218 223 237 241 244 249
#186	8 29 57 59 63 70 89 92 94 104 111 127 156 168 173 174 182 189 196 197 203 207 213 214 216 218 223 237 240 249 250
#187	29 76 92 104 111 148 156 173 174 182 202 203 207 213 214 216 218 230 237 241
#188	29 76 92 104 111 148 156 173 174 182 202 203 207 213 214 216 218 230 237 241
#189	29 63 76 92 104 111 148 156 173 174 182 202 203 207 213 214 216 218 230 237 241
#190	7 8 9 15 29 70 87 92 104 111 129 138 156 168 171 173 174 182 189 192 197 203 207 210 213 214 216 218 223 231 237 241 247 249
#191	15 76 92 104 148 156 173 174 182 188 202 203 207 213 214 216 218 230 237 241
#192	15 63 76 92 104 148 156 173 174 182 188 202 203 207 213 214 216 218 230 237 241
#193	29 76 92 104 129 148 156 168 173 174 182 197 202 203 207 213 214 216 218 237 241
#194	8 29 57 89 91 92 104 111 148 156 173 174 182 188 189 201 203 205 207 213 214 216 218 223 231 237 240 249 250
#195	8 29 57 63 70 89 91 92 104 111 148 156 173 174 182 188 189 201 203 205 207 213 214 216 218 223 231 237 240 249 250
#196	15 29 63 92 94 104 129 138 148 156 171 173 174 182 189 192 197 203 207 213 214 216 218 231 237 240 241 244 247
#197	15 29 63 92 94 104 129 138 148 156 171 173 174 182 189 192 197 203 207 213 214 216 218 231 237 240 241 244 247
#198	19 92 104 129 138 156 168 171 173 174 182 189 196 197 203 207 211 213 214 216 218 237 241 244 247
#199	8 29 57 59 63 70 89 91 92 94 104 126 129 138 148 156 171 173 174 182 189 192 196 203 207 210 213 214 216 218 223 231 237 240 241 244 247 249 250
#200	29 87 92 94 104 111 129 138 148 156 168 171 173 174 182 192 203 207 213 214 216 218 237 240 241 244 247
#203	29 70 87 89 92 94 104 129 138 156 168 171 173 174 182 189 192 203 207 213 214 216 218 231 237 241 244 247 249
#204	29 70 76 92 104 111 156 173 174 182 202 203 205 207 213 214 216 218 230 237 241 249
#205	29 63 70 76 92 104 111 156 173 174 182 201 202 203 205 207 213 214 216 218 230 237 241 249
#206	29 70 76 87 91 92 104 111 138 156 168 171 173 174 182 189 192 203 205 207 213 214 216 218 231 237 240 241 244 249
#207	15 29 70 92 104 129 156 168 173 174 182 188 197 201 203 207 210 213 214 216 218 231 237 241 249
#208	15 29 46 63 70 89 91 92 104 111 156 173 174 182 189 201 203 205 207 213 214 216 218 225 231 237 241 249
#209	7 8 9 29 46 70 87 92 104 111 156 168 173 174 182 188 189 192 197 203 207 213 214 216 218 223 237 240 241 247 249
#210	7 8 9 29 46 63 70 87 92 104 111 156 168 173 174 182 188 189 192 197 203 207 213 214 216 218 223 237 240 241 247 249
#211	29 57 59 92 104 111 127 129 156 173 174 182 188 196 203 205 207 213 214 216 218 237 240 250
#212	15 29 63 70 92 104 129 156 168 173 174 182 197 201 203 207 210 211 213 214 216 218 237 241 249
#213	29 70 89 91 92 104 111 148 156 173 174 182 188 189 201 203 205 207 213 214 216 218 237 241 249
#214	15 29 70 89 92 104 156 168 173 174 182 197 203 207 210 213 214 216 218 237 241 249
#215	8 15 29 57 59 70 91 92 104 111 129 138 156 168 171 173 174 182 189 196 197 203 207 210 213 214 216 218 223 231 237 240 244 247 249
#216	7 8 9 15 29 46 70 89 91 92 104 111 129 156 168 173 174 182 189 192 203 205 207 210 213 214 216 218 223 237 241 249
#217	7 8 9 15 29 46 63 70 89 91 92 104 111 129 156 168 173 174 182 189 192 203 205 207 210 213 214 216 218 223 237 241 249
#218	92 104 111 126 156 173 174 182 189 203 205 207 213 214 216 218 237 241 249
#219	63 70 89 92 104 111 126 156 173 174 182 189 203 205 207 213 214 216 218 237 241 249
#220	29 46 59 70 89 92 104 111 156 173 174 182 189 196 197 203 207 213 214 216 218 237 240 249
#221	29 46 59 63 70 89 92 104 111 156 173 174 182 189 196 197 203 207 213 214 216 218 237 240 249
#222	29 57 70 89 92 94 104 111 156 173 174 182 189 201 203 205 207 213 214 216 218 237 240 241 249 250
#223	57 63 92 104 111 129 156 168 173 174 182 189 203 207 213 214 216 218 237 240 250
#224	57 63 92 104 111 129 156 168 173 174 182 189 203 207 213 214 216 218 237 240 250
#225	19 29 59 92 104 129 156 168 173 174 182 189 196 197 203 207 213 214 216 218 237 240
#226	29 57 59 92 104 127 129 156 173 174 182 189 196 203 207 213 214 216 218 237 240 250
#227	15 19 92 104 129 156 168 173 174 182 189 197 201 203 207 211 213 214 216 218 237 241
#228	29 46 76 92 104 126 129 138 156 168 171 173 174 182 188 189 197 203 207 213 214 216 218 231 237 241 247 249
#229	29 46 63 70 76 92 104 126 129 138 156 168 171 173 174 182 188 189 197 203 207 213 214 216 218 231 237 241 247 249
#230	29 57 59 63 92 104 127 129 156 173 174 182 196 203 207 213 214 216 218 225 237 240 250
#231	29 46 70 89 92 104 111 156 173 174 182 189 201 203 205 207 213 214 216 218 237 241 249
#232	29 46 63 70 89 92 104 111 156 173 174 182 189 201 203 205 207 213 214 216 218 237 241 249
#233	59 63 87 92 94 104 111 129 138 148 156 168 171 173 174 182 192 196 203 207 214 216 218 231 237 240 241 244
#234	29 46 89 92 94 104 129 138 148 156 168 171 173 174 182 189 197 203 207 213 214 216 218 237 240 241 244
#236	29 70 92 104 129 156 168 173 174 182 189 197 203 207 213 214 216 218 237 241 249
#237	29 70 91 92 104 129 156 168 173 174 182 189 197 203 207 213 214 216 218 237 241 249
#238	8 59 92 94 104 138 156 168 171 173 174 182 189 196 203 207 213 214 216 218 223 230 237 240 244 247
#239	7 8 9 29 87 92 94 104 129 148 156 168 173 174 182 189 192 197 203 207 213 214 216 218 223 237 240
#240	7 9 29 92 94 104 126 156 168 173 174 182 189 197 203 207 213 214 216 218 223 231 237 241
#241	7 8 9 29 57 59 63 70 87 89 92 104 111 156 173 174 182 189 192 196 201 203 205 207 213 214 216 218 223 230 231 237 240 241 244 247 249
#242	29 59 63 70 76 87 92 94 104 111 126 138 148 156 173 174 182 189 192 196 201 203 205 207 213 214 216 218 223 237 240 241 247 249
#243	15 29 46 63 70 87 91 92 104 129 148 156 173 174 182 189 192 197 201 203 207 214 216 218 231 237 240 241 244 249
#244	15 29 46 63 70 76 91 92 104 126 129 148 156 173 174 182 189 197 201 203 207 214 216 218 231 237 240 241 244 249
#245	15 29 46 57 59 63 91 92 104 127 129 156 173 174 182 189 196 197 201 203 207 214 216 218 231 237 240 241 244 249 250
#246	29 63 89 91 92 104 156 173 174 182 189 197 201 203 207 213 214 216 218 237 240 241
#247	29 63 89 91 92 104 156 173 174 182 189 197 201 203 207 213 214 216 218 237 240 241
#248	7 15 29 46 57 63 70 89 91 92 104 126 156 171 173 174 182 189 197 201 203 207 210 213 214 216 218 223 225 231 237 240 241 249
#249	19 29 46 57 59 63 70 87 89 92 94 104 127 129 138 156 171 173 174 182 189 192 196 197 201 202 203 207 211 214 216 218 225 231 237 240 241 244 247 249 250
#250	19 46 63 70 76 87 89 92 94 104 126 129 138 148 156 171 173 174 182 189 192 197 201 202 203 207 211 214 216 218 225 237 240 241 244 247 249
#251	63 76 92 94 104 111 129 138 148 156 171 173 174 182 189 197 201 202 203 207 214 216 218 230 237 240 241 244 247
