#001	14 15 34 36 38 72 76 92 99 102 104 115 117 156 164
#002	14 15 34 36 38 72 76 92 99 102 104 115 117 156 164
#003	14 15 34 36 38 63 72 76 92 99 102 104 115 117 156 164
#004	5 14 15 25 34 36 38 66 68 69 70 82 91 92 99 102 104 115 117 126 129 130 156 164
#005	5 14 15 25 34 36 38 66 68 69 70 82 91 92 99 102 104 115 117 126 129 130 156 164
#006	5 14 15 19 25 34 36 38 63 66 68 69 70 82 89 90 91 92 99 102 104 115 117 126 129 130 156 164
#007	5 25 34 36 38 55 57 58 59 61 66 68 69 70 91 92 99 102 104 115 117 130 156 164
#008	5 25 34 36 38 55 57 58 59 61 66 68 69 70 91 92 99 102 104 115 117 130 156 164
#009	5 25 34 36 38 55 57 58 59 61 63 66 68 69 70 89 90 91 92 99 102 104 115 117 130 156 164
#012	13 18 36 38 63 72 76 92 94 99 100 102 104 115 117 129 148 149 156 164
#015	14 15 36 38 63 72 92 99 102 104 115 117 129 130 156 164
#016	13 18 19 36 38 92 99 102 104 115 117 129 143 156 164
#017	13 18 19 36 38 92 99 102 104 115 117 129 143 156 164
#018	13 18 19 36 38 63 92 99 102 104 115 117 129 143 156 164
#019	34 36 38 55 59 61 85 87 91 92 99 102 104 117 129 130 156 164
#020	34 36 38 55 58 59 61 63 85 87 91 92 99 102 104 117 129 130 156 164
#021	13 18 19 36 38 92 99 102 104 117 129 143 156 164
#022	13 18 19 36 38 63 92 99 102 104 117 129 143 156 164
#023	34 36 38 70 72 89 90 91 92 99 102 104 117 130 156 157 164
#024	34 36 38 63 70 72 89 90 91 92 99 102 104 117 130 156 157 164
#025	5 6 25 34 36 38 66 69 85 86 87 92 99 102 104 115 117 129 130 148 156 164
#026	5 6 25 34 36 38 63 66 69 85 86 87 92 99 102 104 115 117 129 130 148 156 164
#027	14 15 34 36 38 66 69 70 89 90 91 92 99 102 104 117 129 130 156 157 164
#028	14 15 34 36 38 63 66 69 70 89 90 91 92 99 102 104 117 129 130 156 157 164
#029	34 36 38 59 85 87 92 99 102 104 115 117 130 156 164
#030	32 34 36 38 55 58 59 61 85 87 92 99 102 104 115 117 130 156 164
#031	5 6 25 32 34 36 38 55 57 58 59 61 63 66 68 69 70 85 87 89 90 92 99 102 104 115 117 126 130 156 157 164
#032	32 34 36 38 59 85 87 92 99 102 104 115 117 130 156 164
#033	32 34 36 38 55 58 59 61 85 87 92 99 102 104 115 117 130 156 164
#034	5 6 25 32 34 36 38 55 57 58 59 61 63 66 68 69 70 85 87 89 90 92 99 102 104 115 117 126 130 156 157 164
#035	5 25 34 36 38 55 58 59 61 66 68 69 70 76 85 86 87 92 94 99 100 102 104 115 117 118 126 130 148 149 156 161 164
#036	5 25 34 36 38 55 58 59 61 63 66 68 69 70 76 85 86 87 92 94 99 100 102 104 115 117 118 126 130 148 149 156 161 164
#037	34 36 38 91 92 99 102 104 115 117 126 129 130 156 164
#038	34 36 38 63 91 92 99 102 104 115 117 126 129 130 156 164
#039	5 25 34 36 38 55 58 59 61 66 68 69 70 76 85 86 87 92 94 99 100 102 104 115 117 126 130 148 149 156 161 164
#040	5 25 34 36 38 55 58 59 61 63 66 68 69 70 76 85 86 87 92 94 99 100 102 104 115 117 126 130 148 149 156 161 164
#041	13 18 36 38 72 92 99 102 104 117 129 156 164
#042	13 18 36 38 63 72 92 99 102 104 117 129 156 164
#043	14 15 36 38 72 76 92 99 102 104 115 117 156 164
#044	14 15 36 38 72 76 92 99 102 104 115 117 156 164
#045	14 15 34 36 38 63 72 76 92 99 102 104 115 117 156 164
#046	14 15 34 36 38 72 76 91 92 99 102 104 115 117 130 156 164
#047	14 15 34 36 38 63 72 76 91 92 99 102 104 115 117 130 156 164
#048	36 38 72 76 92 94 99 102 104 115 117 148 149 156 164
#049	13 18 36 38 63 72 76 92 94 99 100 102 104 115 117 129 148 149 156 164
#050	15 34 36 38 89 90 91 92 99 102 104 117 156 157 164
#051	15 34 36 38 63 89 90 91 92 99 102 104 117 156 157 164
#052	6 34 36 38 55 61 85 87 92 99 102 104 117 129 130 156 164
#053	6 34 36 38 55 61 63 85 87 92 99 102 104 117 129 130 156 164
#054	5 6 25 34 36 38 55 57 58 59 61 66 68 69 70 91 92 99 102 104 117 129 130 156 164
#055	5 6 25 34 36 38 55 57 58 59 61 63 66 68 69 70 91 92 99 102 104 117 129 130 156 164
#056	5 6 25 34 36 38 66 68 69 70 85 87 91 92 99 102 104 117 118 129 130 156 157 164
#057	5 6 25 34 36 38 63 66 68 69 70 85 87 91 92 99 102 104 117 118 129 130 156 157 164
#058	34 36 38 82 91 92 99 102 104 115 117 126 129 130 156 164
#059	34 36 38 63 82 91 92 99 100 102 104 115 117 126 129 130 156 164
#060	34 36 38 55 57 58 59 61 92 94 99 102 104 117 130 149 156 164
#061	5 25 34 36 38 55 57 58 59 61 66 68 69 70 89 90 92 94 99 102 104 117 118 130 149 156 164
#062	5 25 34 36 38 55 57 58 59 61 63 66 68 69 70 89 90 92 94 99 102 104 117 118 130 149 156 164
#063	5 25 34 36 38 66 68 69 86 92 94 99 100 102 104 115 117 118 130 148 149 156 161 164
#064	5 25 34 36 38 66 68 69 86 91 92 94 99 100 102 104 115 117 118 130 148 149 156 161 164
#065	5 25 34 36 38 63 66 68 69 86 91 92 94 99 100 102 104 115 117 118 130 148 149 156 161 164
#066	5 25 34 36 38 66 68 69 70 89 90 91 92 99 102 104 117 118 126 130 156 157 164
#067	5 25 34 36 38 66 68 69 70 89 90 91 92 99 102 104 117 118 126 130 156 157 164
#068	5 25 34 36 38 63 66 68 69 70 89 90 91 92 99 102 104 117 118 126 130 156 157 164
#069	14 15 36 38 72 76 92 99 102 104 115 117 156 164
#070	14 15 36 38 72 76 92 99 102 104 115 117 156 164
#071	14 15 34 36 38 63 72 76 92 99 102 104 115 117 156 164
#072	14 15 36 38 55 57 58 59 61 72 92 99 102 104 115 117 130 156 164
#073	14 15 36 38 55 57 58 59 61 63 72 92 99 102 104 115 117 130 156 164
#074	5 34 36 38 66 68 69 70 89 90 91 92 99 102 104 117 118 120 126 153 156 157 164
#075	5 34 36 38 66 68 69 70 89 90 91 92 99 102 104 117 118 120 126 153 156 157 164
#076	5 25 34 36 38 63 66 68 69 70 89 90 91 92 99 102 104 117 118 120 126 153 156 157 164
#077	32 34 36 38 92 99 102 104 115 117 126 129 130 156 164
#078	32 34 36 38 63 92 99 102 104 115 117 126 129 130 156 164
#079	6 34 36 38 55 57 58 59 61 70 86 89 90 91 92 94 99 100 102 104 115 117 126 129 130 148 149 156 161 164
#080	5 6 25 34 36 38 55 57 58 59 61 63 66 68 69 70 86 89 90 91 92 94 99 100 102 104 115 117 126 129 130 148 149 156 161 164
#081	36 38 85 86 87 92 99 100 102 104 115 117 129 148 156 164
#082	36 38 63 85 86 87 92 99 100 102 104 115 117 129 148 156 164
#083	13 14 15 18 19 34 36 38 92 99 102 104 115 117 129 130 156 164
#084	18 19 34 36 38 92 99 102 104 115 117 130 143 156 161 164
#085	18 19 34 36 38 63 92 99 102 104 115 117 130 143 156 161 164
#086	6 32 34 36 38 55 57 58 59 61 70 92 99 102 104 117 130 156 164
#087	6 32 34 36 38 55 57 58 59 61 63 70 92 99 102 104 117 130 156 164
#088	34 72 85 87 92 99 102 104 117 120 126 153 156 164
#089	34 63 72 85 87 92 99 102 104 117 120 126 153 156 164
#090	36 38 55 57 58 59 61 92 99 100 102 104 115 117 120 129 153 156 161 164
#091	36 38 55 57 58 59 61 63 92 99 100 102 104 115 117 120 129 153 156 161 164
#092	72 85 87 92 94 99 102 104 117 120 138 149 153 156 164
#093	72 85 87 92 94 99 102 104 117 120 138 149 153 156 164
#094	5 25 34 36 38 63 66 68 69 70 72 85 87 92 94 99 102 104 117 118 120 130 138 149 153 156 164
#095	34 36 38 70 89 90 91 92 99 102 104 117 120 130 153 156 157 164
#096	5 25 34 36 38 66 68 69 86 92 94 99 100 102 104 115 117 118 130 138 148 149 156 161 164
#097	5 25 34 36 38 63 66 68 69 86 92 94 99 100 102 104 115 117 118 130 138 148 149 156 161 164
#098	14 15 34 36 38 55 57 58 59 61 70 92 99 102 104 117 156 164
#099	14 15 34 36 38 55 57 58 59 61 63 70 92 99 102 104 117 156 164
#100	36 85 86 87 92 99 100 102 104 115 117 120 129 148 153 156 164
#101	36 63 85 86 87 92 99 100 102 104 115 117 120 129 130 148 153 156 164
#102	36 38 92 94 99 100 102 104 115 117 120 121 149 153 156 164
#103	36 38 63 70 72 76 92 94 99 100 102 104 115 117 120 121 149 153 156 164
#104	5 25 34 36 38 55 58 59 61 66 68 69 70 89 90 91 92 99 102 104 117 126 130 156 164
#105	5 25 34 36 38 55 58 59 61 63 66 68 69 70 89 90 91 92 99 102 104 117 126 130 156 164
#106	5 25 34 36 38 66 68 69 70 92 99 102 104 117 118 129 130 156 164
#107	5 25 34 36 38 66 68 69 70 92 99 102 104 117 118 129 130 156 164
#108	5 14 15 25 34 36 38 55 57 58 59 61 63 66 68 69 70 85 87 89 90 92 99 102 104 117 126 130 156 164
#109	85 87 92 99 102 104 117 120 126 153 156 164
#110	63 85 87 92 99 102 104 117 120 126 153 156 164
#111	32 34 36 38 70 85 87 89 90 91 92 99 102 104 117 126 130 156 157 164
#112	5 6 25 32 34 36 38 55 57 58 59 61 63 66 68 69 70 85 87 89 90 91 92 99 102 104 117 126 130 156 157 164
#113	5 25 34 36 38 55 58 59 61 63 66 68 69 70 76 85 86 87 92 94 99 100 102 104 115 117 118 121 126 130 135 148 149 156 161 164
#114	14 15 34 36 38 63 72 76 92 99 102 104 117 130 156 164
#115	5 25 34 36 38 55 57 58 59 61 63 66 68 69 70 85 87 89 90 92 99 102 104 117 126 130 156 157 164
#116	36 38 55 57 58 59 61 92 99 102 104 117 129 130 156 164
#117	36 38 55 57 58 59 61 63 92 99 102 104 117 129 130 156 164
#118	32 36 38 55 57 58 59 61 92 99 102 104 117 129 130 156 164
#119	32 36 38 55 57 58 59 61 63 92 99 102 104 117 129 130 156 164
#120	36 38 55 57 58 59 61 85 86 87 92 94 99 100 102 104 115 117 129 130 148 149 156 161 164
#121	36 38 55 57 58 59 61 63 85 86 87 92 94 99 100 102 104 115 117 129 130 148 149 156 161 164
#122	5 25 34 36 38 63 66 68 69 76 85 86 87 92 94 99 100 102 104 115 117 118 130 148 149 156 164
#123	14 15 36 38 63 92 99 102 104 117 129 130 156 164
#124	5 25 34 36 38 55 58 59 61 63 66 68 69 92 94 99 100 102 104 115 117 118 130 149 156 164
#125	5 25 34 36 38 63 66 68 69 70 85 86 87 92 94 99 100 102 104 115 117 118 129 130 148 149 156 164
#126	5 25 34 36 38 63 66 68 69 70 92 94 99 100 102 104 117 118 126 130 149 156 164
#127	14 15 34 36 38 63 66 69 70 92 99 102 104 117 156 164
#128	32 34 36 38 58 59 63 70 85 87 89 90 92 99 102 104 117 126 130 156 164
#130	34 36 38 55 57 58 59 61 63 70 82 85 87 92 99 102 104 115 117 126 130 156 164
#131	32 34 36 38 55 57 58 59 61 63 70 76 82 85 87 92 94 99 102 104 115 117 130 149 156 164
#133	34 36 38 92 99 102 104 115 117 129 130 156 164
#134	34 36 38 55 57 58 59 61 63 92 99 102 104 115 117 129 130 156 164
#135	34 36 38 63 85 86 87 92 99 102 104 115 117 129 130 148 156 164
#136	34 36 38 63 92 99 102 104 115 117 126 129 130 156 164
#137	36 38 58 59 63 85 86 87 92 94 99 100 102 104 115 117 129 130 148 149 156 161 164
#138	34 36 38 55 57 58 59 61 92 99 102 104 115 117 156 164
#139	32 34 36 38 55 57 58 59 61 63 66 69 92 99 102 104 115 117 130 156 164
#140	34 36 38 55 57 58 59 61 92 99 102 104 115 117 156 164
#141	13 14 15 25 34 36 38 55 57 58 59 61 63 66 69 92 99 102 104 115 117 130 156 164
#142	13 18 19 36 38 63 82 92 99 102 104 115 117 126 129 143 156 164
#143	5 6 25 34 36 38 55 57 58 59 61 63 66 68 69 70 76 85 87 89 90 92 94 99 102 104 115 117 118 120 126 130 149 156 157 164
#144	13 18 19 36 38 55 58 59 61 63 92 99 102 104 115 117 129 143 156 164
#145	13 18 19 36 38 63 85 86 87 92 99 102 104 115 117 129 143 148 156 164
#146	13 18 19 36 38 63 92 99 102 104 115 117 126 129 143 156 164
#147	34 36 38 55 57 58 59 61 82 85 86 87 92 99 102 104 115 117 126 129 130 156 164
#148	32 34 36 38 55 57 58 59 61 82 85 86 87 92 99 102 104 115 117 126 129 130 156 164
#149	13 32 34 36 38 55 57 58 59 61 63 70 82 85 86 87 92 99 102 104 115 117 126 129 130 156 164
#150	5 25 34 36 38 55 58 59 61 63 66 68 69 70 76 85 86 87 92 94 99 100 102 104 115 117 118 120 126 130 148 149 156 161 164
#151	5 6 13 14 15 18 19 25 32 34 36 38 55 57 58 59 61 63 66 68 69 70 72 76 82 85 86 87 89 90 91 92 94 99 100 102 104 115 117 118 120 121 126 129 130 135 138 143 148 149 153 156 157 161 164
